time	V(n001)	V(n002)	V(n003)
0.000000000000000e+00	1.114760e-05	8.098422e-03	0.000000e+00
7.534234395813129e-09	2.144644e-03	8.110988e-03	2.367039e-03
1.506846879162626e-08	4.274726e-03	8.087053e-03	4.733904e-03
2.260270318743939e-08	6.401395e-03	8.026616e-03	7.100595e-03
3.013693758325252e-08	8.524650e-03	7.929678e-03	9.467111e-03
3.767117197906565e-08	1.064449e-02	7.796238e-03	1.183345e-02
4.520540637487877e-08	1.276092e-02	7.626297e-03	1.419962e-02
5.273964077069189e-08	1.487393e-02	7.419854e-03	1.656562e-02
8.142875116779953e-08	2.285581e-02	5.955838e-03	2.557044e-02
1.193020552826170e-07	3.323181e-02	2.338631e-03	3.744476e-02
1.711544685635505e-07	4.710510e-02	-6.014666e-03	5.366618e-02
2.394946682381787e-07	6.478722e-02	-2.292196e-02	7.495584e-02
3.329917247676661e-07	8.802071e-02	-5.472516e-02	1.038509e-01
4.306479747676661e-07	1.112770e-01	-9.585344e-02	1.336472e-01
5.283042247676661e-07	1.335923e-01	-1.426909e-01	1.629404e-01
6.259604747676662e-07	1.550696e-01	-1.928070e-01	1.916205e-01
8.212729747676663e-07	1.956073e-01	-2.971783e-01	2.467116e-01
1.016585474767666e-06	2.326267e-01	-4.032609e-01	2.980919e-01
1.211897974767666e-06	2.655413e-01	-5.097196e-01	3.449887e-01
1.407210474767667e-06	2.937343e-01	-6.162787e-01	3.866966e-01
1.602522974767667e-06	3.166412e-01	-7.228788e-01	4.225881e-01
1.797835474767667e-06	3.337729e-01	-8.295043e-01	4.521236e-01
1.993147974767667e-06	3.447267e-01	-9.361492e-01	4.748586e-01
2.188460474767666e-06	3.491922e-01	-1.042809e+00	4.904514e-01
2.383772974767666e-06	3.469568e-01	-1.149481e+00	4.986673e-01
2.579085474767666e-06	3.379085e-01	-1.256160e+00	4.993828e-01
2.676741724767665e-06	3.308227e-01	-1.309501e+00	4.969201e-01
2.774397974767665e-06	3.220382e-01	-1.362843e+00	4.925871e-01
2.872054224767665e-06	3.115698e-01	-1.416184e+00	4.864002e-01
2.969710474767665e-06	2.994389e-01	-1.469524e+00	4.783825e-01
3.067366724767665e-06	2.856729e-01	-1.522862e+00	4.685643e-01
3.165022974767665e-06	2.703055e-01	-1.576196e+00	4.569825e-01
3.262679224767664e-06	2.533767e-01	-1.629523e+00	4.436808e-01
3.360335474767664e-06	2.349325e-01	-1.682838e+00	4.287091e-01
3.457991724767664e-06	2.150255e-01	-1.736128e+00	4.121239e-01
3.555647974767664e-06	1.937156e-01	-1.789364e+00	3.939875e-01
3.653304224767664e-06	1.710729e-01	-1.842470e+00	3.743683e-01
3.750960474767664e-06	1.471856e-01	-1.895259e+00	3.533400e-01
3.848616724767663e-06	1.221769e-01	-1.947261e+00	3.309818e-01
3.946272974767664e-06	9.623708e-02	-1.997401e+00	3.073779e-01
4.043929224767664e-06	6.965488e-02	-2.043602e+00	2.826170e-01
4.141585474767664e-06	4.281699e-02	-2.082646e+00	2.567925e-01
4.239241724767664e-06	1.614619e-02	-2.110711e+00	2.300015e-01
4.336897974767665e-06	-1.000115e-02	-2.124542e+00	2.023448e-01
4.434554224767665e-06	-3.542008e-02	-2.122569e+00	1.739265e-01
4.532210474767665e-06	-6.008650e-02	-2.105325e+00	1.448536e-01
4.629866724767665e-06	-8.412352e-02	-2.075131e+00	1.152355e-01
4.727522974767666e-06	-1.077266e-01	-2.035302e+00	8.518363e-02
4.825179224767666e-06	-1.310828e-01	-1.989183e+00	5.481119e-02
5.118147974767667e-06	-2.005257e-01	-1.835277e+00	-3.708320e-02
5.313460474767667e-06	-2.460672e-01	-1.729246e+00	-9.784108e-02
5.508772974767668e-06	-2.902416e-01	-1.622864e+00	-1.571274e-01
5.704085474767668e-06	-3.322641e-01	-1.516417e+00	-2.140503e-01
5.899397974767669e-06	-3.713611e-01	-1.409957e+00	-2.677537e-01
6.094710474767669e-06	-4.067999e-01	-1.303489e+00	-3.174298e-01
6.290022974767670e-06	-4.379018e-01	-1.197015e+00	-3.623315e-01
6.485335474767670e-06	-4.640534e-01	-1.090535e+00	-4.017834e-01
6.680647974767671e-06	-4.847156e-01	-9.840465e-01	-4.351921e-01
6.875960474767671e-06	-4.994320e-01	-8.775501e-01	-4.620551e-01
7.071272974767672e-06	-5.078357e-01	-7.710449e-01	-4.819684e-01
7.168929224767672e-06	-5.095813e-01	-7.177888e-01	-4.892211e-01
7.266585474767672e-06	-5.096545e-01	-6.645305e-01	-4.946325e-01
7.364241724767673e-06	-5.080365e-01	-6.112697e-01	-4.981821e-01
7.461897974767673e-06	-5.047153e-01	-5.580065e-01	-4.998567e-01
7.559554224767673e-06	-4.996853e-01	-5.047410e-01	-4.996500e-01
7.657210474767673e-06	-4.929470e-01	-4.514731e-01	-4.975627e-01
7.754866724767673e-06	-4.845076e-01	-3.982027e-01	-4.936027e-01
7.852522974767672e-06	-4.743807e-01	-3.449301e-01	-4.877849e-01
7.950179224767672e-06	-4.625861e-01	-2.916551e-01	-4.801311e-01
8.047835474767671e-06	-4.491500e-01	-2.383777e-01	-4.706703e-01
8.145491724767670e-06	-4.341048e-01	-1.850982e-01	-4.594380e-01
8.340804224767669e-06	-3.993465e-01	-7.853264e-02	-4.318344e-01
8.536116724767668e-06	-3.586884e-01	2.804093e-02	-3.977357e-01
8.731429224767667e-06	-3.125963e-01	1.346209e-01	-3.576546e-01
8.926741724767666e-06	-2.616186e-01	2.412000e-01	-3.121941e-01
9.122054224767665e-06	-2.063829e-01	3.477215e-01	-2.620379e-01
9.317366724767663e-06	-1.476356e-01	4.536555e-01	-2.079404e-01
9.415022974767663e-06	-1.172806e-01	5.054631e-01	-1.796660e-01
9.512679224767662e-06	-8.659457e-02	5.546790e-01	-1.507153e-01
9.610335474767662e-06	-5.597662e-02	5.982464e-01	-1.211974e-01
9.707991724767661e-06	-2.591516e-02	6.318549e-01	-9.122328e-02
9.805647974767660e-06	3.134858e-03	6.512443e-01	-6.090586e-02
9.903304224767660e-06	3.089922e-02	6.540750e-01	-3.035919e-02
9.996201241218245e-06	5.602371e-02	6.410515e-01	-1.193414e-03
1.009385749121824e-05	8.120562e-02	6.131594e-01	2.946911e-02
1.019151374121824e-05	1.053799e-01	5.747038e-01	6.002072e-02
1.028916999121824e-05	1.287513e-01	5.292549e-01	9.034643e-02
1.048448249121824e-05	1.736044e-01	4.283056e-01	1.498649e-01
1.067979499121824e-05	2.160270e-01	3.229070e-01	2.071292e-01
1.077745124121824e-05	2.361882e-01	2.697874e-01	2.346452e-01
1.087510749121824e-05	2.555394e-01	2.165775e-01	2.612781e-01
1.097276374121824e-05	2.739938e-01	1.633244e-01	2.869276e-01
1.116807624121824e-05	3.078707e-01	5.675896e-02	3.348943e-01
1.136338874121824e-05	3.371692e-01	-4.984719e-02	3.778238e-01
1.155870124121824e-05	3.613039e-01	-1.564801e-01	4.150706e-01
1.175401374121823e-05	3.797666e-01	-2.631349e-01	4.460743e-01
1.194932624121823e-05	3.921339e-01	-3.698083e-01	4.703687e-01
1.214463874121823e-05	3.980743e-01	-4.764971e-01	4.875882e-01
1.233995124121823e-05	3.973528e-01	-5.831981e-01	4.974740e-01
1.253526374121823e-05	3.898347e-01	-6.899078e-01	4.998773e-01
1.273057624121823e-05	3.754876e-01	-7.966222e-01	4.947619e-01
1.292588874121823e-05	3.543817e-01	-9.033373e-01	4.822050e-01
1.312120124121823e-05	3.266889e-01	-1.010049e+00	4.623952e-01
1.331651374121822e-05	2.926804e-01	-1.116751e+00	4.356305e-01
1.341416999121822e-05	2.734187e-01	-1.170095e+00	4.197620e-01
1.351182624121822e-05	2.527231e-01	-1.223431e+00	4.023135e-01
1.360948249121822e-05	2.306539e-01	-1.276750e+00	3.833509e-01
1.370713874121822e-05	2.072781e-01	-1.330034e+00	3.629454e-01
1.380479499121822e-05	1.826715e-01	-1.383229e+00	3.411739e-01
1.390245124121822e-05	1.569243e-01	-1.436194e+00	3.181183e-01
1.400010749121822e-05	1.301582e-01	-1.488547e+00	2.938653e-01
1.409776374121822e-05	1.025586e-01	-1.539339e+00	2.685063e-01
1.419541999121822e-05	7.441369e-02	-1.586594e+00	2.421367e-01
1.429307624121822e-05	4.612430e-02	-1.627047e+00	2.148558e-01
1.439073249121822e-05	1.814312e-02	-1.656614e+00	1.867662e-01
1.448838874121822e-05	-9.139908e-03	-1.671687e+00	1.579736e-01
1.458604499121822e-05	-3.550404e-02	-1.670550e+00	1.285865e-01
1.468113132139366e-05	-6.025262e-02	-1.654143e+00	9.950671e-02
1.477878757139366e-05	-8.485620e-02	-1.624017e+00	6.927239e-02
1.487644382139366e-05	-1.088560e-01	-1.584123e+00	3.877734e-02
1.497410007139366e-05	-1.324454e-01	-1.537876e+00	8.136343e-03
1.516941257139366e-05	-1.788275e-01	-1.436328e+00	-5.312208e-02
1.536472507139366e-05	-2.241439e-01	-1.330828e+00	-1.135815e-01
1.556003757139366e-05	-2.678407e-01	-1.224544e+00	-1.723325e-01
1.575535007139365e-05	-3.091710e-01	-1.118116e+00	-2.284915e-01
1.595066257139365e-05	-3.473774e-01	-1.011660e+00	-2.812138e-01
1.614597507139365e-05	-3.817413e-01	-9.051942e-01	-3.297064e-01
1.634128757139365e-05	-4.116006e-01	-7.987212e-01	-3.732398e-01
1.653660007139365e-05	-4.363605e-01	-6.922411e-01	-4.111595e-01
1.663425632139365e-05	-4.466631e-01	-6.389981e-01	-4.278323e-01
1.673191257139365e-05	-4.555029e-01	-5.857531e-01	-4.428948e-01
1.682956882139365e-05	-4.628286e-01	-5.325060e-01	-4.562904e-01
1.692722507139365e-05	-4.685944e-01	-4.792567e-01	-4.679686e-01
1.702488132139365e-05	-4.727602e-01	-4.260052e-01	-4.778855e-01
1.712253757139365e-05	-4.752923e-01	-3.727514e-01	-4.860038e-01
1.722019382139365e-05	-4.761627e-01	-3.194952e-01	-4.922928e-01
1.731785007139364e-05	-4.753501e-01	-2.662368e-01	-4.967290e-01
1.741550632139364e-05	-4.728393e-01	-2.129759e-01	-4.992956e-01
1.761081882139364e-05	-4.626942e-01	-1.064470e-01	-4.987884e-01
1.780613132139364e-05	-4.457345e-01	9.148542e-05	-4.907790e-01
1.800144382139364e-05	-4.220695e-01	1.066393e-01	-4.753879e-01
1.819675632139364e-05	-3.919097e-01	2.131962e-01	-4.528465e-01
1.839206882139364e-05	-3.555627e-01	3.197614e-01	-4.234938e-01
1.858738132139364e-05	-3.134301e-01	4.263337e-01	-3.877714e-01
1.878269382139364e-05	-2.660002e-01	5.329068e-01	-3.462166e-01
1.897800632139363e-05	-2.138455e-01	6.394387e-01	-2.994543e-01
1.917331882139363e-05	-1.576464e-01	7.455680e-01	-2.481880e-01
1.927097507139363e-05	-1.283190e-01	7.978492e-01	-2.211044e-01
1.936863132139363e-05	-9.843555e-02	8.483228e-01	-1.931887e-01
1.946628757139363e-05	-6.833401e-02	8.946034e-01	-1.645458e-01
1.956394382139363e-05	-3.846838e-02	9.328752e-01	-1.352836e-01
1.966160007139363e-05	-9.317516e-03	9.587195e-01	-1.055123e-01
1.975925632139363e-05	1.874908e-02	9.687329e-01	-7.534377e-02
1.985691257139363e-05	4.558640e-02	9.620671e-01	-4.489171e-02
1.994803097997438e-05	6.952282e-02	9.415721e-01	-1.632365e-02
2.004568722997438e-05	9.417715e-02	9.074023e-01	1.435110e-02
2.014334347997438e-05	1.180589e-01	8.647938e-01	4.497182e-02
2.033865597997437e-05	1.641114e-01	7.661757e-01	1.055909e-01
2.053396847997437e-05	2.081818e-01	6.612788e-01	1.646218e-01
2.072928097997437e-05	2.498874e-01	5.550416e-01	2.211765e-01
2.092459347997437e-05	2.885478e-01	4.485313e-01	2.744046e-01
2.102224972997437e-05	3.065129e-01	3.952453e-01	2.995187e-01
2.111990597997437e-05	3.234532e-01	3.419484e-01	3.235055e-01
2.121756222997437e-05	3.392869e-01	2.886433e-01	3.462746e-01
2.131521847997437e-05	3.539363e-01	2.353312e-01	3.677405e-01
2.141287472997437e-05	3.673280e-01	1.820127e-01	3.878222e-01
2.160818722997437e-05	3.900690e-01	7.535840e-02	4.235366e-01
2.180349972997437e-05	4.070225e-01	-3.131641e-02	4.528806e-01
2.199881222997436e-05	4.177877e-01	-1.380089e-01	4.754128e-01
2.219412472997436e-05	4.220571e-01	-2.447160e-01	4.907944e-01
2.238943722997436e-05	4.196210e-01	-3.514344e-01	4.987940e-01
2.258474972997436e-05	4.103703e-01	-4.581604e-01	4.992913e-01
2.278006222997436e-05	3.942987e-01	-5.648903e-01	4.922788e-01
2.297537472997436e-05	3.715022e-01	-6.716200e-01	4.778619e-01
2.317068722997436e-05	3.421783e-01	-7.783452e-01	4.562575e-01
2.336599972997436e-05	3.066225e-01	-8.850609e-01	4.277906e-01
2.356131222997435e-05	2.652247e-01	-9.917578e-01	3.928894e-01
2.365896847997435e-05	2.424816e-01	-1.045091e+00	3.731863e-01
2.375662472997435e-05	2.184657e-01	-1.098398e+00	3.520787e-01
2.385428097997435e-05	1.932529e-01	-1.151645e+00	3.296459e-01
2.395193722997435e-05	1.669315e-01	-1.204730e+00	3.059724e-01
2.404959347997435e-05	1.396140e-01	-1.257372e+00	2.811473e-01
2.414724972997435e-05	1.114665e-01	-1.308836e+00	2.552640e-01
2.424490597997435e-05	8.275066e-02	-1.357459e+00	2.284200e-01
2.434256222997435e-05	5.384878e-02	-1.400257e+00	2.007162e-01
2.444021847997435e-05	2.522186e-02	-1.433153e+00	1.722570e-01
2.453787472997435e-05	-2.702425e-03	-1.452160e+00	1.431495e-01
2.463553097997435e-05	-2.965346e-02	-1.454992e+00	1.135032e-01
2.473047158473750e-05	-5.483816e-02	-1.441994e+00	8.427069e-02
2.482812783473750e-05	-7.980458e-02	-1.414547e+00	5.389035e-02
2.492578408473750e-05	-1.040390e-01	-1.376460e+00	2.330717e-02
2.502344033473750e-05	-1.277469e-01	-1.331280e+00	-7.363732e-03
2.521875283473750e-05	-1.740963e-01	-1.230569e+00	-6.850705e-02
2.541406533473750e-05	-2.191135e-01	-1.125250e+00	-1.286200e-01
2.560937783473750e-05	-2.622933e-01	-1.019000e+00	-1.867983e-01
2.580469033473750e-05	-3.029064e-01	-9.125798e-01	-2.421670e-01
2.600000283473750e-05	-3.402084e-01	-8.061250e-01	-2.938933e-01
2.619531533473749e-05	-3.734945e-01	-6.996591e-01	-3.411992e-01
2.639062783473749e-05	-4.021190e-01	-5.931857e-01	-3.833731e-01
2.648828408473749e-05	-4.145000e-01	-5.399462e-01	-4.023341e-01
2.658594033473749e-05	-4.255056e-01	-4.867048e-01	-4.197808e-01
2.668359658473749e-05	-4.350760e-01	-4.334614e-01	-4.356475e-01
2.678125283473749e-05	-4.431570e-01	-3.802159e-01	-4.498745e-01
2.687890908473749e-05	-4.496999e-01	-3.269683e-01	-4.624083e-01
2.697656533473749e-05	-4.546620e-01	-2.737184e-01	-4.732018e-01
2.707422158473749e-05	-4.580062e-01	-2.204663e-01	-4.822141e-01
2.717187783473749e-05	-4.597019e-01	-1.672119e-01	-4.894116e-01
2.736719033473749e-05	-4.580553e-01	-6.069596e-02	-4.982602e-01
2.756250283473749e-05	-4.496012e-01	4.582947e-02	-4.996145e-01
2.775781533473748e-05	-4.343211e-01	1.523645e-01	-4.934541e-01
2.795312783473748e-05	-4.122993e-01	2.589089e-01	-4.798718e-01
2.814844033473748e-05	-3.837212e-01	3.654624e-01	-4.590717e-01
2.834375283473748e-05	-3.488711e-01	4.720244e-01	-4.313667e-01
2.853906533473748e-05	-3.081277e-01	5.785933e-01	-3.971736e-01
2.873437783473748e-05	-2.619587e-01	6.851622e-01	-3.570067e-01
2.892969033473748e-05	-2.109182e-01	7.916843e-01	-3.114700e-01
2.902734658473748e-05	-1.837719e-01	8.448498e-01	-2.868992e-01
2.912500283473748e-05	-1.556726e-01	8.977721e-01	-2.612485e-01
2.922265908473748e-05	-1.267601e-01	9.499912e-01	-2.346146e-01
2.932031533473748e-05	-9.725124e-02	1.000343e+00	-2.070976e-01
2.941797158473747e-05	-6.748354e-02	1.046423e+00	-1.788012e-01
2.951562783473747e-05	-3.790760e-02	1.084432e+00	-1.498318e-01
2.961328408473747e-05	-8.995321e-03	1.110013e+00	-1.202985e-01
2.971094033473747e-05	1.889030e-02	1.119837e+00	-9.031234e-02
2.980859658473747e-05	4.560030e-02	1.113023e+00	-5.998632e-02
2.990131669293689e-05	6.988626e-02	1.092044e+00	-3.098241e-02
2.999897294293689e-05	9.451701e-02	1.057754e+00	-3.226595e-04
3.009662919293689e-05	1.184257e-01	1.015032e+00	3.033831e-02
3.029194169293688e-05	1.646929e-01	9.163200e-01	9.120271e-02
3.048725419293688e-05	2.091803e-01	8.113955e-01	1.506954e-01
3.068256669293689e-05	2.514946e-01	7.051491e-01	2.079214e-01
3.087787919293689e-05	2.909455e-01	5.986354e-01	2.620201e-01
3.107319169293690e-05	3.268106e-01	4.920508e-01	3.121778e-01
3.117084794293690e-05	3.431832e-01	4.387449e-01	3.355403e-01
3.126850419293691e-05	3.584082e-01	3.854319e-01	3.576400e-01
3.136616044293691e-05	3.724100e-01	3.321126e-01	3.783936e-01
3.146381669293691e-05	3.851178e-01	2.787873e-01	3.977230e-01
3.156147294293691e-05	3.964655e-01	2.254564e-01	4.155554e-01
3.165912919293692e-05	4.063922e-01	1.721202e-01	4.318239e-01
3.185444169293692e-05	4.217660e-01	6.543330e-02	4.594297e-01
3.204975419293693e-05	4.308620e-01	-4.127046e-02	4.801253e-01
3.224506669293693e-05	4.333980e-01	-1.479880e-01	4.935994e-01
3.244037919293694e-05	4.291902e-01	-2.547158e-01	4.996492e-01
3.263569169293694e-05	4.181563e-01	-3.614503e-01	4.981839e-01
3.283100419293695e-05	4.003166e-01	-4.681877e-01	4.892254e-01
3.302631669293696e-05	3.757939e-01	-5.749238e-01	4.729085e-01
3.322162919293696e-05	3.448116e-01	-6.816545e-01	4.494787e-01
3.341694169293697e-05	3.076900e-01	-7.883746e-01	4.192882e-01
3.361225419293697e-05	2.648426e-01	-8.950747e-01	3.827913e-01
3.370991044293698e-05	2.414254e-01	-9.484084e-01	3.623460e-01
3.380756669293698e-05	2.167725e-01	-1.001715e+00	3.405368e-01
3.390522294293698e-05	1.909629e-01	-1.054954e+00	3.174460e-01
3.400287919293698e-05	1.640887e-01	-1.108012e+00	2.931604e-01
3.410053544293699e-05	1.362690e-01	-1.160569e+00	2.677714e-01
3.419819169293699e-05	1.076828e-01	-1.211784e+00	2.413745e-01
3.429584794293699e-05	7.861144e-02	-1.259810e+00	2.140692e-01
3.439350419293699e-05	4.945763e-02	-1.301434e+00	1.859581e-01
3.449116044293700e-05	2.068985e-02	-1.332456e+00	1.571472e-01
3.458881669293700e-05	-7.277244e-03	-1.349011e+00	1.277448e-01
3.468647294293700e-05	-3.420492e-02	-1.349189e+00	9.786160e-02
3.478016370778595e-05	-5.900334e-02	-1.333983e+00	6.884421e-02
3.487781995778595e-05	-8.390318e-02	-1.304521e+00	3.834630e-02
3.497547620778596e-05	-1.080714e-01	-1.265033e+00	7.704072e-03
3.507313245778596e-05	-1.317057e-01	-1.218989e+00	-2.296715e-02
3.526844495778596e-05	-1.778362e-01	-1.117581e+00	-8.393516e-02
3.546375745778597e-05	-2.224706e-01	-1.012113e+00	-1.436407e-01
3.565906995778598e-05	-2.650729e-01	-9.058372e-01	-2.011858e-01
3.585438245778598e-05	-3.049139e-01	-7.994121e-01	-2.557048e-01
3.604969495778599e-05	-3.412591e-01	-6.929560e-01	-3.063778e-01
3.624500745778599e-05	-3.734179e-01	-5.864890e-01	-3.524426e-01
3.634266370778599e-05	-3.877282e-01	-5.332525e-01	-3.735274e-01
3.644031995778600e-05	-4.007615e-01	-4.800143e-01	-3.932063e-01
3.653797620778600e-05	-4.124504e-01	-4.267741e-01	-4.114053e-01
3.663563245778600e-05	-4.227328e-01	-3.735320e-01	-4.280559e-01
3.673328870778601e-05	-4.315518e-01	-3.202878e-01	-4.430953e-01
3.683094495778601e-05	-4.388559e-01	-2.670415e-01	-4.564670e-01
3.692860120778601e-05	-4.445994e-01	-2.137930e-01	-4.681207e-01
3.712391370778602e-05	-4.512514e-01	-1.072892e-01	-4.861052e-01
3.731922620778602e-05	-4.512620e-01	-7.761997e-04	-4.967782e-01
3.751453870778603e-05	-4.444854e-01	1.057464e-01	-4.999791e-01
3.770985120778603e-05	-4.308778e-01	2.122785e-01	-4.956600e-01
3.790516370778604e-05	-4.104983e-01	3.188200e-01	-4.838856e-01
3.810047620778605e-05	-3.835078e-01	4.253708e-01	-4.648331e-01
3.829578870778605e-05	-3.501665e-01	5.319302e-01	-4.387892e-01
3.849110120778606e-05	-3.108304e-01	6.384968e-01	-4.061454e-01
3.868641370778606e-05	-2.659461e-01	7.450646e-01	-3.673928e-01
3.888172620778607e-05	-2.160473e-01	8.515953e-01	-3.231143e-01
3.897938245778607e-05	-1.894108e-01	9.047846e-01	-2.991080e-01
3.907703870778607e-05	-1.617738e-01	9.577821e-01	-2.739759e-01
3.917469495778608e-05	-1.332634e-01	1.010224e+00	-2.478126e-01
3.927235120778608e-05	-1.040730e-01	1.061160e+00	-2.207166e-01
3.937000745778608e-05	-7.450782e-02	1.108526e+00	-1.927898e-01
3.946766370778608e-05	-4.499386e-02	1.148840e+00	-1.641375e-01
3.956531995778609e-05	-1.600693e-02	1.177778e+00	-1.348674e-01
3.966297620778609e-05	1.205396e-02	1.191634e+00	-1.050896e-01
3.976063245778609e-05	3.898751e-02	1.188919e+00	-7.491635e-02
3.985342061021842e-05	6.350429e-02	1.171346e+00	-4.598420e-02
3.995107686021842e-05	8.833294e-02	1.139806e+00	-1.536724e-02
4.004873311021843e-05	1.124104e-01	1.098912e+00	1.530757e-02
4.024404561021843e-05	1.589939e-01	1.001805e+00	7.636909e-02
4.043935811021844e-05	2.038952e-01	8.972531e-01	1.362820e-01
4.063467061021844e-05	2.467944e-01	7.910787e-01	1.941450e-01
4.082998311021845e-05	2.870132e-01	6.845802e-01	2.490879e-01
4.102529561021845e-05	3.238223e-01	5.780007e-01	3.002844e-01
4.112295186021846e-05	3.407286e-01	5.246965e-01	3.242345e-01
4.122060811021846e-05	3.565260e-01	4.713849e-01	3.469642e-01
4.131826436021846e-05	3.711367e-01	4.180669e-01	3.683881e-01
4.141592061021847e-05	3.844876e-01	3.647427e-01	3.884254e-01
4.151357686021847e-05	3.965101e-01	3.114127e-01	4.070008e-01
4.161123311021847e-05	4.071409e-01	2.580773e-01	4.240444e-01
4.170888936021847e-05	4.163217e-01	2.047368e-01	4.394919e-01
4.190420186021848e-05	4.301278e-01	9.804196e-02	4.653726e-01
4.209951436021848e-05	4.375752e-01	-8.669019e-03	4.842536e-01
4.229482686021849e-05	4.384062e-01	-1.153929e-01	4.958510e-01
4.249013936021850e-05	4.324628e-01	-2.221262e-01	4.999904e-01
4.268545186021850e-05	4.196886e-01	-3.288653e-01	4.966094e-01
4.288076436021851e-05	4.001303e-01	-4.356061e-01	4.857590e-01
4.307607686021851e-05	3.739364e-01	-5.423447e-01	4.676023e-01
4.327138936021852e-05	3.413554e-01	-6.490768e-01	4.424125e-01
4.346670186021852e-05	3.027319e-01	-7.557970e-01	4.105683e-01
4.366201436021853e-05	2.585020e-01	-8.624943e-01	3.725488e-01
4.375967061021853e-05	2.344451e-01	-9.158230e-01	3.513986e-01
4.385732686021854e-05	2.091909e-01	-9.691162e-01	3.289258e-01
4.395498311021854e-05	1.828225e-01	-1.022319e+00	3.052151e-01
4.405263936021854e-05	1.554391e-01	-1.075271e+00	2.803555e-01
4.415029561021854e-05	1.271757e-01	-1.127528e+00	2.544408e-01
4.424795186021855e-05	9.824142e-02	-1.177974e+00	2.275684e-01
4.434560811021855e-05	6.896150e-02	-1.224308e+00	1.998395e-01
4.444326436021855e-05	3.977388e-02	-1.262860e+00	1.713584e-01
4.454092061021855e-05	1.114453e-02	-1.289349e+00	1.422324e-01
4.463857686021856e-05	-1.655782e-02	-1.300390e+00	1.125710e-01
4.473623311021856e-05	-4.316476e-02	-1.294876e+00	8.248600e-02
4.483016461712111e-05	-6.772909e-02	-1.274751e+00	5.325416e-02
4.492782086712111e-05	-9.237062e-02	-1.241360e+00	2.266797e-02
4.502547711712112e-05	-1.163387e-01	-1.199220e+00	-8.003531e-03
4.522078961712112e-05	-1.629002e-01	-1.101045e+00	-6.914084e-02
4.541610211712113e-05	-2.079525e-01	-9.962946e-01	-1.292382e-01
4.561141461712113e-05	-2.511191e-01	-8.901542e-01	-1.873917e-01
4.580672711712114e-05	-2.917033e-01	-7.837549e-01	-2.427267e-01
4.600203961712115e-05	-3.289674e-01	-6.773049e-01	-2.944108e-01
4.619735211712115e-05	-3.622083e-01	-5.708406e-01	-3.416667e-01
4.629500836712115e-05	-3.771159e-01	-5.176052e-01	-3.634090e-01
4.639266461712116e-05	-3.907810e-01	-4.643681e-01	-3.837836e-01
4.649032086712116e-05	-4.031341e-01	-4.111290e-01	-4.027137e-01
4.658797711712116e-05	-4.141104e-01	-3.578880e-01	-4.201281e-01
4.668563336712116e-05	-4.236503e-01	-3.046449e-01	-4.359612e-01
4.678328961712117e-05	-4.316997e-01	-2.513998e-01	-4.501534e-01
4.688094586712117e-05	-4.382101e-01	-1.981525e-01	-4.626514e-01
4.707625836712118e-05	-4.464490e-01	-9.165120e-02	-4.823829e-01
4.727157086712118e-05	-4.480974e-01	1.485928e-02	-4.948589e-01
4.746688336712119e-05	-4.429848e-01	1.213792e-01	-4.998918e-01
4.766219586712119e-05	-4.310425e-01	2.279088e-01	-4.974058e-01
4.785750836712120e-05	-4.123044e-01	3.344478e-01	-4.874384e-01
4.805282086712120e-05	-3.869067e-01	4.409961e-01	-4.701394e-01
4.824813336712121e-05	-3.550857e-01	5.475531e-01	-4.457692e-01
4.844344586712122e-05	-3.171746e-01	6.541178e-01	-4.146941e-01
4.863875836712122e-05	-2.735982e-01	7.606854e-01	-3.773817e-01
4.883407086712123e-05	-2.248694e-01	8.672289e-01	-3.343931e-01
4.893172711712123e-05	-1.987585e-01	9.204487e-01	-3.109692e-01
4.902938336712123e-05	-1.715995e-01	9.735374e-01	-2.863749e-01
4.912703961712123e-05	-1.435050e-01	1.026245e+00	-2.607027e-01
4.922469586712124e-05	-1.146386e-01	1.077888e+00	-2.340494e-01
4.932235211712124e-05	-8.525878e-02	1.126879e+00	-2.065150e-01
4.942000836712124e-05	-5.574898e-02	1.170266e+00	-1.782035e-01
4.951766461712125e-05	-2.657951e-02	1.203909e+00	-1.492212e-01
4.961532086712125e-05	1.807202e-03	1.223674e+00	-1.196773e-01
4.971297711712125e-05	2.913093e-02	1.227169e+00	-8.968292e-02
4.980690820826676e-05	5.431345e-02	1.214780e+00	-6.051287e-02
4.990456445826676e-05	7.945935e-02	1.187646e+00	-2.996400e-02
5.000222070826677e-05	1.037807e-01	1.149744e+00	6.976558e-04
5.009987695826677e-05	1.274845e-01	1.104644e+00	3.135668e-02
5.029518945826678e-05	1.735681e-01	1.003955e+00	9.220573e-02
5.049050195826678e-05	2.179894e-01	8.985850e-01	1.516679e-01
5.068581445826679e-05	2.602550e-01	7.922486e-01	2.088489e-01
5.088112695826679e-05	2.996503e-01	6.857134e-01	2.628886e-01
5.107643945826680e-05	3.354492e-01	5.791200e-01	3.129741e-01
5.117409570826680e-05	3.517846e-01	5.258109e-01	3.362961e-01
5.127175195826680e-05	3.669699e-01	4.724950e-01	3.583523e-01
5.136940820826681e-05	3.809295e-01	4.191728e-01	3.790597e-01
5.146706445826681e-05	3.935929e-01	3.658446e-01	3.983405e-01
5.156472070826681e-05	4.048941e-01	3.125110e-01	4.161220e-01
5.166237695826681e-05	4.147723e-01	2.591721e-01	4.323373e-01
5.176003320826682e-05	4.231722e-01	2.058282e-01	4.469254e-01
5.195534570826682e-05	4.353435e-01	9.912716e-02	4.710066e-01
5.215065820826683e-05	4.410791e-01	-7.589187e-03	4.880034e-01
5.234597070826683e-05	4.401472e-01	-1.143175e-01	4.976602e-01
5.254128320826684e-05	4.324161e-01	-2.210544e-01	4.998318e-01
5.273659570826685e-05	4.178567e-01	-3.277959e-01	4.944854e-01
5.293190820826685e-05	3.965422e-01	-4.345382e-01	4.817015e-01
5.312722070826686e-05	3.686477e-01	-5.412772e-01	4.616723e-01
5.332253320826686e-05	3.344471e-01	-6.480085e-01	4.346992e-01
5.351784570826687e-05	2.943096e-01	-7.547263e-01	4.011878e-01
5.371315820826687e-05	2.486943e-01	-8.614162e-01	3.616421e-01
5.381081445826688e-05	2.240003e-01	-9.147340e-01	3.397890e-01
5.390847070826688e-05	1.981505e-01	-9.679995e-01	3.166570e-01
5.400612695826688e-05	1.712340e-01	-1.021125e+00	2.923332e-01
5.410378320826688e-05	1.433624e-01	-1.073861e+00	2.669091e-01
5.420143945826689e-05	1.146978e-01	-1.125529e+00	2.404805e-01
5.429909570826689e-05	8.549615e-02	-1.174557e+00	2.131467e-01
5.439675195826689e-05	5.613716e-02	-1.218024e+00	1.850106e-01
5.449440820826690e-05	2.708763e-02	-1.251829e+00	1.561783e-01
5.459206445826690e-05	-1.211213e-03	-1.271852e+00	1.267581e-01
5.468972070826690e-05	-2.847491e-02	-1.275652e+00	9.686082e-02
5.478432229026407e-05	-5.380196e-02	-1.263469e+00	6.754996e-02
5.488197854026407e-05	-7.893129e-02	-1.236589e+00	3.704356e-02
5.497963479026407e-05	-1.032537e-01	-1.198865e+00	6.397745e-03
5.507729104026407e-05	-1.269779e-01	-1.153887e+00	-2.427215e-02
5.527260354026408e-05	-1.731657e-01	-1.053329e+00	-8.522280e-02
5.546791604026409e-05	-2.177826e-01	-9.480456e-01	-1.448916e-01
5.566322854026409e-05	-2.603375e-01	-8.418050e-01	-2.023811e-01
5.585854104026410e-05	-3.001123e-01	-7.353869e-01	-2.568266e-01
5.605385354026410e-05	-3.363755e-01	-6.289324e-01	-3.074092e-01
5.624916604026411e-05	-3.684382e-01	-5.224659e-01	-3.533681e-01
5.634682229026411e-05	-3.826956e-01	-4.692297e-01	-3.743946e-01
5.644447854026411e-05	-3.956729e-01	-4.159916e-01	-3.940120e-01
5.654213479026412e-05	-4.073032e-01	-3.627515e-01	-4.121464e-01
5.663979104026412e-05	-4.175245e-01	-3.095095e-01	-4.287296e-01
5.673744729026412e-05	-4.262800e-01	-2.562654e-01	-4.436991e-01
5.683510354026412e-05	-4.335185e-01	-2.030192e-01	-4.569986e-01
5.703041604026413e-05	-4.432689e-01	-9.652019e-02	-4.783941e-01
5.722572854026414e-05	-4.464832e-01	9.987973e-03	-4.925940e-01
5.742104104026414e-05	-4.429675e-01	1.165056e-01	-4.993848e-01
5.761635354026415e-05	-4.326289e-01	2.230327e-01	-4.986644e-01
5.781166604026415e-05	-4.154774e-01	3.295694e-01	-4.904437e-01
5.800697854026416e-05	-3.916252e-01	4.361154e-01	-4.748462e-01
5.820229104026416e-05	-3.612855e-01	5.426704e-01	-4.521066e-01
5.839760354026417e-05	-3.247689e-01	6.492332e-01	-4.225669e-01
5.859291604026418e-05	-2.824795e-01	7.558006e-01	-3.866714e-01
5.878822854026418e-05	-2.349095e-01	8.623541e-01	-3.449600e-01
5.888588479026418e-05	-2.093228e-01	9.155973e-01	-3.221162e-01
5.898354104026419e-05	-1.826446e-01	9.687557e-01	-2.980601e-01
5.908119729026419e-05	-1.549758e-01	1.021666e+00	-2.728821e-01
5.917885354026419e-05	-1.264541e-01	1.073870e+00	-2.466770e-01
5.927650979026419e-05	-9.729353e-02	1.124215e+00	-2.195435e-01
5.937416604026420e-05	-6.782641e-02	1.170334e+00	-1.915837e-01
5.947182229026420e-05	-3.849710e-02	1.208485e+00	-1.629029e-01
5.956947854026420e-05	-9.773411e-03	1.234358e+00	-1.336089e-01
5.966713479026421e-05	1.798088e-02	1.244618e+00	-1.038120e-01
5.976479104026421e-05	4.460885e-02	1.238294e+00	-7.362439e-02
5.985818700564076e-05	6.903332e-02	1.217595e+00	-4.449294e-02
5.995584325564076e-05	9.366026e-02	1.183653e+00	-1.387047e-02
6.005349950564076e-05	1.176001e-01	1.141150e+00	1.680420e-02
6.024881200564077e-05	1.640469e-01	1.042627e+00	7.784858e-02
6.044412450564078e-05	2.088838e-01	9.377445e-01	1.377221e-01
6.063943700564078e-05	2.517218e-01	8.315039e-01	1.955241e-01
6.083474950564079e-05	2.918651e-01	7.249904e-01	2.503852e-01
6.103006200564079e-05	3.285816e-01	6.184055e-01	3.014803e-01
6.122537450564080e-05	3.611766e-01	5.117862e-01	3.480409e-01
6.132303075564080e-05	3.757274e-01	4.584665e-01	3.693989e-01
6.142068700564080e-05	3.890149e-01	4.051408e-01	3.893666e-01
6.151834325564081e-05	4.009708e-01	3.518093e-01	4.078688e-01
6.161599950564081e-05	4.115320e-01	2.984724e-01	4.248359e-01
6.171365575564081e-05	4.206405e-01	2.451304e-01	4.402039e-01
6.181131200564081e-05	4.282438e-01	1.917838e-01	4.539152e-01
6.200662450564082e-05	4.387533e-01	8.507761e-02	4.761673e-01
6.220193700564083e-05	4.427567e-01	-2.164302e-02	4.912573e-01
6.239724950564083e-05	4.400482e-01	-1.283748e-01	4.989583e-01
6.259256200564084e-05	4.305230e-01	-2.351140e-01	4.991546e-01
6.278787450564084e-05	4.141787e-01	-3.418569e-01	4.918432e-01
6.298318700564085e-05	3.911155e-01	-4.485996e-01	4.771339e-01
6.317849950564085e-05	3.615348e-01	-5.553378e-01	4.552481e-01
6.337381200564086e-05	3.257359e-01	-6.620671e-01	4.265150e-01
6.356912450564086e-05	2.841121e-01	-7.687807e-01	3.913666e-01
6.376443700564087e-05	2.371456e-01	-8.754585e-01	3.503318e-01
6.386209325564087e-05	2.118341e-01	-9.287574e-01	3.277966e-01
6.395974950564088e-05	1.854114e-01	-9.819735e-01	3.040276e-01
6.405740575564088e-05	1.579752e-01	-1.034961e+00	2.791144e-01
6.415506200564088e-05	1.296570e-01	-1.087311e+00	2.531506e-01
6.425271825564088e-05	1.006589e-01	-1.137979e+00	2.262340e-01
6.435037450564089e-05	7.129721e-02	-1.184765e+00	1.984660e-01
6.444803075564089e-05	4.200458e-02	-1.224083e+00	1.699509e-01
6.454568700564089e-05	1.325141e-02	-1.251630e+00	1.407962e-01
6.464334325564090e-05	-1.458038e-02	-1.263878e+00	1.111116e-01
6.474099950564090e-05	-4.131017e-02	-1.259579e+00	8.100874e-02
6.483390820386194e-05	-6.570558e-02	-1.240695e+00	5.208462e-02
6.493156445386194e-05	-9.042423e-02	-1.208140e+00	2.149304e-02
6.502922070386194e-05	-1.144425e-01	-1.166577e+00	-9.179439e-03
6.522453320386195e-05	-1.610368e-01	-1.068905e+00	-7.030543e-02
6.541984570386195e-05	-2.060730e-01	-9.642729e-01	-1.303740e-01
6.561515820386196e-05	-2.492000e-01	-8.581556e-01	-1.884815e-01
6.581047070386196e-05	-2.897280e-01	-7.517607e-01	-2.437542e-01
6.600578320386197e-05	-3.269215e-01	-6.453117e-01	-2.953605e-01
6.620109570386198e-05	-3.600788e-01	-5.388476e-01	-3.425244e-01
6.629875195386198e-05	-3.749402e-01	-4.856124e-01	-3.642158e-01
6.639640820386198e-05	-3.885563e-01	-4.323752e-01	-3.845364e-01
6.649406445386198e-05	-4.008577e-01	-3.791362e-01	-4.034096e-01
6.659172070386199e-05	-4.117800e-01	-3.258952e-01	-4.207646e-01
6.668937695386199e-05	-4.212638e-01	-2.726521e-01	-4.365358e-01
6.678703320386199e-05	-4.292550e-01	-2.194070e-01	-4.506641e-01
6.688468945386199e-05	-4.357056e-01	-1.661597e-01	-4.630961e-01
6.708000195386200e-05	-4.438204e-01	-5.965848e-02	-4.826910e-01
6.727531445386201e-05	-4.453405e-01	4.685200e-02	-4.950257e-01
6.747062695386201e-05	-4.400974e-01	1.533720e-01	-4.999149e-01
6.766593945386202e-05	-4.280241e-01	2.599015e-01	-4.972848e-01
6.786125195386202e-05	-4.091568e-01	3.664405e-01	-4.871751e-01
6.805656445386203e-05	-3.836334e-01	4.729888e-01	-4.697378e-01
6.825187695386203e-05	-3.516923e-01	5.795457e-01	-4.452353e-01
6.844718945386204e-05	-3.136684e-01	6.861102e-01	-4.140359e-01
6.864250195386205e-05	-2.699883e-01	7.926769e-01	-3.766091e-01
6.883781445386205e-05	-2.211668e-01	8.992147e-01	-3.335178e-01
6.893547070386205e-05	-1.950149e-01	9.524231e-01	-3.100474e-01
6.903312695386206e-05	-1.678204e-01	1.005480e+00	-2.854100e-01
6.913078320386206e-05	-1.397001e-01	1.058099e+00	-2.596985e-01
6.922843945386206e-05	-1.108268e-01	1.109511e+00	-2.330094e-01
6.932609570386206e-05	-8.147343e-02	1.157975e+00	-2.054434e-01
6.942375195386207e-05	-5.203712e-02	1.200370e+00	-1.771041e-01
6.952140820386207e-05	-2.299111e-02	1.232485e+00	-1.480983e-01
6.961906445386207e-05	5.235347e-03	1.250303e+00	-1.185350e-01
6.971672070386208e-05	3.239074e-02	1.251766e+00	-8.852566e-02
6.980924284594191e-05	5.705252e-02	1.237839e+00	-5.978475e-02
6.990689909594191e-05	8.208106e-02	1.209291e+00	-2.923183e-02
7.000455534594191e-05	1.063230e-01	1.170447e+00	1.431102e-03
7.010221159594191e-05	1.299766e-01	1.124776e+00	3.208865e-02
7.029752409594192e-05	1.760108e-01	1.023629e+00	9.292649e-02
7.049283659594192e-05	2.204033e-01	9.181588e-01	1.523666e-01
7.068814909594193e-05	2.626376e-01	8.118022e-01	2.095150e-01
7.088346159594194e-05	3.019938e-01	7.052619e-01	2.635121e-01
7.107877409594194e-05	3.377453e-01	5.986664e-01	3.135458e-01
7.117643034594194e-05	3.540541e-01	5.453564e-01	3.368385e-01
7.127408659594195e-05	3.692108e-01	4.920397e-01	3.588634e-01
7.137174284594195e-05	3.831403e-01	4.387167e-01	3.795376e-01
7.146939909594195e-05	3.957717e-01	3.853878e-01	3.987834e-01
7.156705534594196e-05	4.070396e-01	3.320534e-01	4.165282e-01
7.166471159594196e-05	4.168831e-01	2.787138e-01	4.327053e-01
7.176236784594196e-05	4.252469e-01	2.253692e-01	4.472538e-01
7.186002409594196e-05	4.320815e-01	1.720201e-01	4.601189e-01
7.205533659594197e-05	4.409930e-01	6.530966e-02	4.806119e-01
7.225064909594197e-05	4.433377e-01	-4.141445e-02	4.938760e-01
7.244596159594198e-05	4.389349e-01	-1.481488e-01	4.997118e-01
7.264127409594199e-05	4.277051e-01	-2.548897e-01	4.980315e-01
7.283658659594199e-05	4.096717e-01	-3.616334e-01	4.888603e-01
7.303189909594200e-05	3.849602e-01	-4.683757e-01	4.723362e-01
7.322721159594200e-05	3.537969e-01	-5.751125e-01	4.487077e-01
7.342252409594201e-05	3.165049e-01	-6.818391e-01	4.183302e-01
7.361783659594201e-05	2.734999e-01	-7.885475e-01	3.816607e-01
7.381314909594202e-05	2.252863e-01	-8.952077e-01	3.392506e-01
7.391080534594202e-05	1.994093e-01	-9.484771e-01	3.160891e-01
7.400846159594203e-05	1.724668e-01	-1.001613e+00	2.917379e-01
7.410611784594203e-05	1.445694e-01	-1.054375e+00	2.662886e-01
7.420377409594203e-05	1.158767e-01	-1.106111e+00	2.398372e-01
7.430143034594203e-05	8.664077e-02	-1.155289e+00	2.124830e-01
7.439908659594204e-05	5.723736e-02	-1.199039e+00	1.843290e-01
7.449674284594204e-05	2.813251e-02	-1.233281e+00	1.554814e-01
7.459439909594204e-05	-2.287848e-04	-1.253861e+00	1.260485e-01
7.469205534594204e-05	-2.755368e-02	-1.258242e+00	9.614116e-02
7.478710800918028e-05	-5.305271e-02	-1.246504e+00	6.668272e-02
7.488476425918028e-05	-7.822141e-02	-1.220026e+00	3.617075e-02
7.498242050918029e-05	-1.025687e-01	-1.182569e+00	5.522647e-03
7.508007675918029e-05	-1.263060e-01	-1.137753e+00	-2.514624e-02
7.527538925918030e-05	-1.724944e-01	-1.037329e+00	-8.608501e-02
7.547070175918030e-05	-2.170913e-01	-9.320745e-01	-1.457290e-01
7.566601425918031e-05	-2.596127e-01	-8.258396e-01	-2.031811e-01
7.586132675918031e-05	-2.993427e-01	-7.194227e-01	-2.575771e-01
7.605663925918032e-05	-3.355507e-01	-6.129684e-01	-3.080989e-01
7.625195175918032e-05	-3.675488e-01	-5.065020e-01	-3.539867e-01
7.634960800918033e-05	-3.817706e-01	-4.532658e-01	-3.749741e-01
7.644726425918033e-05	-3.947105e-01	-4.000277e-01	-3.945501e-01
7.654492050918033e-05	-4.063014e-01	-3.467876e-01	-4.126412e-01
7.664257675918033e-05	-4.164816e-01	-2.935456e-01	-4.291792e-01
7.674023300918034e-05	-4.251945e-01	-2.403015e-01	-4.441019e-01
7.683788925918034e-05	-4.323891e-01	-1.870553e-01	-4.573530e-01
7.703320175918035e-05	-4.420481e-01	-8.055619e-02	-4.786478e-01
7.722851425918035e-05	-4.451675e-01	2.595202e-02	-4.927433e-01
7.742382675918036e-05	-4.415549e-01	1.324697e-01	-4.994274e-01
7.761913925918036e-05	-4.311189e-01	2.389968e-01	-4.985997e-01
7.781445175918037e-05	-4.138708e-01	3.455336e-01	-4.902726e-01
7.800976425918037e-05	-3.899243e-01	4.520797e-01	-4.745714e-01
7.820507675918038e-05	-3.594941e-01	5.586346e-01	-4.517322e-01
7.840038925918038e-05	-3.228922e-01	6.651974e-01	-4.220984e-01
7.859570175918039e-05	-2.805238e-01	7.717645e-01	-3.861159e-01
7.879101425918040e-05	-2.328826e-01	8.783159e-01	-3.443259e-01
7.888867050918040e-05	-2.072638e-01	9.315552e-01	-3.214464e-01
7.898632675918040e-05	-1.805567e-01	9.847023e-01	-2.973569e-01
7.908398300918040e-05	-1.528636e-01	1.037581e+00	-2.721483e-01
7.918163925918041e-05	-1.243263e-01	1.089699e+00	-2.459154e-01
7.927929550918041e-05	-9.516557e-02	1.139833e+00	-2.187569e-01
7.937695175918041e-05	-6.572247e-02	1.185520e+00	-1.907751e-01
7.947460800918042e-05	-3.644644e-02	1.222942e+00	-1.620752e-01
7.957226425918042e-05	-7.801899e-03	1.247805e+00	-1.327653e-01
7.966992050918042e-05	1.985912e-02	1.256901e+00	-1.029557e-01
7.976757675918042e-05	4.639501e-02	1.249433e+00	-7.275865e-02
7.986089053870404e-05	7.072324e-02	1.227828e+00	-4.364690e-02
7.995854678870405e-05	9.529179e-02	1.193173e+00	-1.302144e-02
8.005620303870405e-05	1.191923e-01	1.150212e+00	1.765303e-02
8.025151553870405e-05	1.655966e-01	1.051299e+00	7.868746e-02
8.044682803870406e-05	2.104052e-01	9.463260e-01	1.385383e-01
8.064214053870407e-05	2.532100e-01	8.400673e-01	1.963055e-01
8.083745303870407e-05	2.933105e-01	7.335498e-01	2.511200e-01
8.103276553870408e-05	3.299746e-01	6.269634e-01	3.021575e-01
8.122807803870408e-05	3.625079e-01	5.203430e-01	3.486502e-01
8.132573428870408e-05	3.770246e-01	4.670228e-01	3.699708e-01
8.142339053870409e-05	3.902761e-01	4.136966e-01	3.898989e-01
8.152104678870409e-05	4.021942e-01	3.603647e-01	4.083595e-01
8.161870303870409e-05	4.127160e-01	3.070274e-01	4.252831e-01
8.171635928870410e-05	4.217834e-01	2.536850e-01	4.406061e-01
8.181401553870410e-05	4.293444e-01	2.003379e-01	4.542707e-01
8.200932803870410e-05	4.397656e-01	9.363095e-02	4.764256e-01
8.220464053870411e-05	4.436772e-01	-1.309043e-02	4.914147e-01
8.239995303870412e-05	4.408748e-01	-1.198229e-01	4.990124e-01
8.259526553870412e-05	4.312549e-01	-2.265628e-01	4.991046e-01
8.279057803870413e-05	4.148166e-01	-3.333063e-01	4.916897e-01
8.298589053870413e-05	3.916615e-01	-4.400495e-01	4.768793e-01
8.318120303870414e-05	3.619924e-01	-5.467882e-01	4.548962e-01
8.337651553870414e-05	3.261100e-01	-6.535178e-01	4.260711e-01
8.357182803870415e-05	2.844087e-01	-7.602320e-01	3.908375e-01
8.376714053870415e-05	2.373719e-01	-8.669103e-01	3.497253e-01
8.386479678870416e-05	2.120282e-01	-9.202097e-01	3.271548e-01
8.396245303870416e-05	1.855755e-01	-9.734267e-01	3.033529e-01
8.406010928870416e-05	1.581116e-01	-1.026416e+00	2.784093e-01
8.415776553870417e-05	1.297678e-01	-1.078770e+00	2.524178e-01
8.425542178870417e-05	1.007461e-01	-1.129446e+00	2.254763e-01
8.435307803870417e-05	7.136302e-02	-1.176247e+00	1.976861e-01
8.445073428870417e-05	4.205120e-02	-1.215584e+00	1.691519e-01
8.454839053870418e-05	1.328147e-02	-1.243152e+00	1.399810e-01
8.464604678870418e-05	-1.456380e-02	-1.255419e+00	1.102833e-01
8.474370303870418e-05	-4.130387e-02	-1.251134e+00	8.017050e-02
8.483656797971805e-05	-6.569446e-02	-1.232268e+00	5.125350e-02
8.493422422971806e-05	-9.041695e-02	-1.199719e+00	2.065819e-02
8.503188047971806e-05	-1.144361e-01	-1.158160e+00	-1.001488e-02
8.522719297971806e-05	-1.610231e-01	-1.060490e+00	-7.113262e-02
8.542250547971807e-05	-2.060406e-01	-9.558585e-01	-1.311805e-01
8.561781797971808e-05	-2.491377e-01	-8.497415e-01	-1.892552e-01
8.581313047971808e-05	-2.896254e-01	-7.433467e-01	-2.444834e-01
8.600844297971809e-05	-3.267686e-01	-6.368976e-01	-2.960343e-01
8.620375547971809e-05	-3.598664e-01	-5.304335e-01	-3.431326e-01
8.630141172971809e-05	-3.746947e-01	-4.771983e-01	-3.647878e-01
8.639906797971810e-05	-3.882760e-01	-4.239611e-01	-3.850699e-01
8.649672422971810e-05	-4.005407e-01	-3.707220e-01	-4.039027e-01
8.659438047971810e-05	-4.114245e-01	-3.174810e-01	-4.212154e-01
8.669203672971811e-05	-4.208683e-01	-2.642379e-01	-4.369426e-01
8.678969297971811e-05	-4.288183e-01	-2.109928e-01	-4.510254e-01
8.698500547971811e-05	-4.400499e-01	-1.044959e-01	-4.740515e-01
8.718031797971812e-05	-4.448048e-01	2.010002e-03	-4.899475e-01
8.737563047971813e-05	-4.428658e-01	1.085253e-01	-4.984742e-01
8.757094297971813e-05	-4.341165e-01	2.150501e-01	-4.995033e-01
8.776625547971814e-05	-4.185427e-01	3.215845e-01	-4.930196e-01
8.796156797971814e-05	-3.962331e-01	4.281282e-01	-4.791203e-01
8.815688047971815e-05	-3.673776e-01	5.346811e-01	-4.580146e-01
8.835219297971815e-05	-3.322645e-01	6.412421e-01	-4.300199e-01
8.854750547971816e-05	-2.912765e-01	7.478088e-01	-3.955573e-01
8.874281797971816e-05	-2.448859e-01	8.543685e-01	-3.551452e-01
8.884047422971817e-05	-2.198363e-01	9.076270e-01	-3.328948e-01
8.893813047971817e-05	-1.936549e-01	9.608310e-01	-3.093914e-01
8.903578672971817e-05	-1.664341e-01	1.013875e+00	-2.847236e-01
8.913344297971818e-05	-1.382925e-01	1.066458e+00	-2.589840e-01
8.923109922971818e-05	-1.094066e-01	1.117777e+00	-2.322698e-01
8.932875547971818e-05	-8.005479e-02	1.166031e+00	-2.046813e-01
8.942641172971818e-05	-5.063939e-02	1.208036e+00	-1.763225e-01
8.952406797971819e-05	-2.163441e-02	1.239556e+00	-1.473000e-01
8.962172422971819e-05	6.536294e-03	1.256627e+00	-1.177231e-01
8.971938047971819e-05	3.363199e-02	1.257314e+00	-8.770315e-02
8.981143832081820e-05	5.811908e-02	1.242805e+00	-5.909991e-02
8.990909457081820e-05	8.310517e-02	1.213722e+00	-2.854326e-02
9.000675082081820e-05	1.073177e-01	1.174522e+00	2.120827e-03
9.010440707081821e-05	1.309517e-01	1.128638e+00	3.277693e-02
9.029971957081821e-05	1.769615e-01	1.027320e+00	9.360412e-02
9.049503207081822e-05	2.213320e-01	9.218127e-01	1.530234e-01
9.069034457081822e-05	2.635377e-01	8.154487e-01	2.101411e-01
9.088565707081823e-05	3.028573e-01	7.089067e-01	2.640980e-01
9.108096957081823e-05	3.385643e-01	6.023102e-01	3.140827e-01
9.117862582081824e-05	3.548480e-01	5.489999e-01	3.373479e-01
9.127628207081824e-05	3.699779e-01	4.956829e-01	3.593433e-01
9.137393832081824e-05	3.838789e-01	4.423597e-01	3.799863e-01
9.147159457081824e-05	3.964804e-01	3.890305e-01	3.991991e-01
9.156925082081825e-05	4.077169e-01	3.356959e-01	4.169093e-01
9.166690707081825e-05	4.175276e-01	2.823560e-01	4.330505e-01
9.176456332081825e-05	4.258577e-01	2.290112e-01	4.475617e-01
9.186221957081826e-05	4.326574e-01	1.756618e-01	4.603884e-01
9.205753207081826e-05	4.414963e-01	6.895092e-02	4.808016e-01
9.225284457081827e-05	4.437660e-01	-3.777360e-02	4.939832e-01
9.244815707081827e-05	4.392867e-01	-1.445083e-01	4.997348e-01
9.264346957081828e-05	4.279801e-01	-2.512496e-01	4.979699e-01
9.283878207081828e-05	4.098707e-01	-3.579935e-01	4.887150e-01
9.303409457081829e-05	3.850852e-01	-4.647361e-01	4.721095e-01
9.322940707081829e-05	3.538510e-01	-5.714731e-01	4.484030e-01
9.342471957081830e-05	3.164922e-01	-6.781998e-01	4.179520e-01
9.362003207081831e-05	2.734258e-01	-7.849083e-01	3.812147e-01
9.381534457081831e-05	2.251567e-01	-8.915684e-01	3.387436e-01
9.391300082081831e-05	1.992545e-01	-9.448375e-01	3.155544e-01
9.401065707081832e-05	1.722888e-01	-9.979721e-01	2.911775e-01
9.410831332081832e-05	1.443705e-01	-1.050730e+00	2.657046e-01
9.420596957081832e-05	1.156597e-01	-1.102454e+00	2.392317e-01
9.430362582081833e-05	8.640948e-02	-1.151603e+00	2.118584e-01
9.440128207081833e-05	5.699677e-02	-1.195295e+00	1.836877e-01
9.449893832081833e-05	2.788811e-02	-1.229440e+00	1.548257e-01
9.459659457081833e-05	-4.720330e-04	-1.249891e+00	1.253809e-01
9.469425082081834e-05	-2.779287e-02	-1.254132e+00	9.546421e-02
9.478912834520395e-05	-5.323990e-02	-1.242293e+00	6.605363e-02
9.488678459520395e-05	-7.840364e-02	-1.215714e+00	3.553768e-02
9.498444084520395e-05	-1.027467e-01	-1.178190e+00	4.887975e-03
9.508209709520396e-05	-1.264797e-01	-1.133334e+00	-2.578013e-02
9.527740959520396e-05	-1.726572e-01	-1.032875e+00	-8.671018e-02
9.547272209520397e-05	-2.172371e-01	-9.276137e-01	-1.463360e-01
9.566803459520397e-05	-2.597336e-01	-8.213774e-01	-2.037608e-01
9.586334709520398e-05	-2.994308e-01	-7.149602e-01	-2.581209e-01
9.605865959520398e-05	-3.355988e-01	-6.085058e-01	-3.085986e-01
9.625397209520399e-05	-3.675500e-01	-5.020394e-01	-3.544347e-01
9.635162834520399e-05	-3.817460e-01	-4.488032e-01	-3.753936e-01
9.644928459520400e-05	-3.946586e-01	-3.955650e-01	-3.949397e-01
9.654694084520400e-05	-4.062210e-01	-3.423249e-01	-4.129993e-01
9.664459709520400e-05	-4.163713e-01	-2.890829e-01	-4.295045e-01
9.674225334520400e-05	-4.250534e-01	-2.358387e-01	-4.443931e-01
9.683990959520401e-05	-4.322160e-01	-1.825925e-01	-4.576091e-01
9.703522209520401e-05	-4.418087e-01	-7.609335e-02	-4.788309e-01
9.723053459520402e-05	-4.448593e-01	3.041493e-02	-4.928506e-01
9.742584709520402e-05	-4.411764e-01	1.369326e-01	-4.994574e-01
9.762115959520403e-05	-4.306697e-01	2.434599e-01	-4.985519e-01
9.781647209520403e-05	-4.133515e-01	3.499967e-01	-4.901477e-01
9.801178459520404e-05	-3.893367e-01	4.565428e-01	-4.743712e-01
