time	V(a)	V(b)	V(c)
0.000000000000000e+00	2.258570e-05	1.140504e-05	8.201658e-04
2.408696428548361e-03	2.440255e-05	1.322262e-05	8.238010e-04
4.817392857096722e-03	2.504421e-05	1.386452e-05	8.250849e-04
7.226089285645083e-03	2.451065e-05	1.333077e-05	8.240173e-04
9.634785714193444e-03	2.280190e-05	1.162134e-05	8.205985e-04
1.204348214274181e-02	1.991794e-05	8.736257e-06	8.148283e-04
1.445217857129017e-02	1.585877e-05	4.675505e-06	8.067068e-04
1.686087499983852e-02	1.062441e-05	-5.609122e-07	7.962339e-04
1.720267187483853e-02	9.498395e-06	-1.687484e-06	7.939807e-04
1.754446874983853e-02	3.072354e-06	-8.115539e-06	7.811245e-04
1.788626562483854e-02	-8.653716e-06	-1.984508e-05	7.576654e-04
1.822806249983854e-02	-2.567982e-05	-3.687610e-05	7.236032e-04
1.856985937483855e-02	-4.800594e-05	-5.920860e-05	6.789381e-04
1.891165624983855e-02	-7.563210e-05	-8.684258e-05	6.236699e-04
1.925345312483856e-02	-1.085583e-04	-1.197781e-04	5.577988e-04
1.943481473198141e-02	-1.311539e-04	-1.423837e-04	5.125873e-04
1.961617633912428e-02	-1.622238e-04	-1.734652e-04	4.504240e-04
1.979753794626713e-02	-2.017678e-04	-2.130226e-04	3.713090e-04
1.997889955341000e-02	-2.497860e-04	-2.610558e-04	2.752422e-04
2.016026116055285e-02	-3.062784e-04	-3.175649e-04	1.622237e-04
2.034162276769572e-02	-3.712450e-04	-3.825498e-04	3.225337e-05
2.052298437483857e-02	-4.446858e-04	-4.560106e-04	-1.146687e-04
2.065551785698143e-02	-5.068201e-04	-5.181661e-04	-2.389803e-04
2.078805133912429e-02	-5.823043e-04	-5.936765e-04	-3.900016e-04
2.092058482126715e-02	-6.711384e-04	-6.825417e-04	-5.677326e-04
2.105311830341001e-02	-7.733224e-04	-7.847616e-04	-7.721733e-04
2.118565178555287e-02	-8.888564e-04	-9.003364e-04	-1.003324e-03
2.131818526769573e-02	-1.017740e-03	-1.029266e-03	-1.261184e-03
2.145071874983859e-02	-1.159974e-03	-1.171550e-03	-1.545754e-03
2.155535044626716e-02	-1.285814e-03	-1.297429e-03	-1.797511e-03
2.165998214269573e-02	-1.430604e-03	-1.442262e-03	-2.087179e-03
2.176461383912431e-02	-1.594344e-03	-1.606052e-03	-2.414760e-03
2.186924553555288e-02	-1.777035e-03	-1.788797e-03	-2.780251e-03
2.197387723198145e-02	-1.978676e-03	-1.990498e-03	-3.183655e-03
2.207850892841003e-02	-2.199268e-03	-2.211155e-03	-3.624970e-03
2.218314062483860e-02	-2.438809e-03	-2.450767e-03	-4.104196e-03
2.232962499983860e-02	-2.827467e-03	-2.839593e-03	-4.881850e-03
2.247610937483860e-02	-3.277495e-03	-3.289721e-03	-5.782109e-03
2.262259374983860e-02	-3.798583e-03	-3.811027e-03	-6.824726e-03
2.276907812483861e-02	-4.401952e-03	-4.414537e-03	-8.031749e-03
2.291556249983861e-02	-5.100593e-03	-5.113463e-03	-9.429608e-03
2.306204687483861e-02	-5.909550e-03	-5.922618e-03	-1.104792e-02
2.320853124983861e-02	-6.846244e-03	-6.859686e-03	-1.292207e-02
2.335501562483861e-02	-7.930843e-03	-7.944559e-03	-1.509182e-02
2.350149999983862e-02	-9.186702e-03	-9.200908e-03	-1.760453e-02
2.364798437483862e-02	-1.064086e-02	-1.065545e-02	-2.051362e-02
2.379446874983862e-02	-1.232464e-02	-1.233987e-02	-2.388247e-02
2.394095312483862e-02	-1.427428e-02	-1.429003e-02	-2.778282e-02
2.408743749983863e-02	-1.653178e-02	-1.654838e-02	-3.229953e-02
2.423392187483863e-02	-1.914574e-02	-1.916306e-02	-3.752890e-02
2.438040624983863e-02	-2.217245e-02	-2.219089e-02	-4.358459e-02
2.452689062483863e-02	-2.567708e-02	-2.569650e-02	-5.059582e-02
2.467337499983863e-02	-2.973509e-02	-2.975600e-02	-5.871486e-02
2.481985937483864e-02	-3.443388e-02	-3.445611e-02	-6.811512e-02
2.496634374983864e-02	-3.987461e-02	-3.989881e-02	-7.900055e-02
2.511282812483864e-02	-4.617443e-02	-4.620045e-02	-9.160388e-02
2.525931249983864e-02	-5.346901e-02	-5.349763e-02	-1.061983e-01
2.540579687483864e-02	-6.191541e-02	-6.194650e-02	-1.230961e-01
2.555228124983865e-02	-7.169551e-02	-7.173005e-02	-1.426633e-01
2.569876562483865e-02	-8.301991e-02	-8.305779e-02	-1.653188e-01
2.584524999983865e-02	-9.613244e-02	-9.617490e-02	-1.915531e-01
2.599173437483865e-02	-1.113155e-01	-1.113624e-01	-2.219283e-01
2.613821874983865e-02	-1.288959e-01	-1.289490e-01	-2.571015e-01
2.628470312483866e-02	-1.492523e-01	-1.493115e-01	-2.978267e-01
2.643118749983866e-02	-1.728230e-01	-1.728903e-01	-3.449845e-01
2.657767187483866e-02	-2.001155e-01	-2.001911e-01	-3.995863e-01
2.672415624983866e-02	-2.317176e-01	-2.318040e-01	-4.628122e-01
2.687064062483866e-02	-2.683097e-01	-2.684072e-01	-5.360190e-01
2.701712499983867e-02	-3.106797e-01	-3.107915e-01	-6.207879e-01
2.716360937483867e-02	-3.597399e-01	-3.598668e-01	-7.189388e-01
2.731009374983867e-02	-4.165468e-01	-4.166927e-01	-8.325910e-01
2.745657812483867e-02	-4.823236e-01	-4.824896e-01	-9.641854e-01
2.760306249983868e-02	-5.584865e-01	-5.586777e-01	-1.116562e+00
2.774954687483868e-02	-6.466755e-01	-6.468940e-01	-1.292995e+00
2.789603124983868e-02	-7.487880e-01	-7.490327e-01	-1.497274e+00
2.804251562483868e-02	-8.670262e-01	-8.673186e-01	-1.733846e+00
2.818899999983868e-02	-1.003935e+00	-1.004274e+00	-2.007757e+00
2.833548437483869e-02	-1.162462e+00	-1.162851e+00	-2.324913e+00
2.848196874983869e-02	-1.346021e+00	-1.346472e+00	-2.692156e+00
2.862845312483869e-02	-1.558564e+00	-1.559083e+00	-3.117379e+00
2.877493749983869e-02	-1.804669e+00	-1.805270e+00	-3.609756e+00
2.892142187483869e-02	-2.089634e+00	-2.090327e+00	-4.179872e+00
2.906790624983870e-02	-2.419596e+00	-2.420400e+00	-4.840021e+00
2.921439062483870e-02	-2.801661e+00	-2.802588e+00	-5.604398e+00
2.936087499983870e-02	-3.244055e+00	-3.245130e+00	-6.489487e+00
2.950735937483870e-02	-3.756304e+00	-3.757544e+00	-7.514318e+00
2.965384374983870e-02	-4.349438e+00	-4.350878e+00	-8.700991e+00
2.980032812483871e-02	-5.036231e+00	-5.037888e+00	-1.007502e+01
2.994681249983871e-02	-5.831476e+00	-5.833455e+00	-1.166615e+01
2.999564062483871e-02	-6.123547e+00	-6.125637e+00	-1.225052e+01
3.004446874983871e-02	-6.426414e+00	-6.410837e+00	-1.282075e+01
3.004468426878825e-02	-6.427774e+00	-6.400870e+00	-1.280073e+01
3.004511530668732e-02	-6.430499e+00	-6.347915e+00	-1.269447e+01
3.004533605011401e-02	-6.431876e+00	-6.306632e+00	-1.261178e+01
3.004556776184804e-02	-6.433294e+00	-6.251187e+00	-1.250084e+01
3.004711325006654e-02	-6.441937e+00	-5.850790e+00	-1.170004e+01
3.004865873828503e-02	-6.449011e+00	-5.449232e+00	-1.089691e+01
3.005020422650352e-02	-6.454515e+00	-5.046513e+00	-1.009147e+01
3.005174971472202e-02	-6.458450e+00	-4.642633e+00	-9.283703e+00
3.005329520294051e-02	-6.460815e+00	-4.237592e+00	-8.473618e+00
3.005484069115900e-02	-6.461610e+00	-3.831391e+00	-7.661214e+00
3.005638617937750e-02	-6.460835e+00	-3.424029e+00	-6.846490e+00
3.006699689543080e-02	-6.412970e+00	-6.027419e-01	-1.203894e+00
3.008821832753740e-02	-6.195759e+00	5.076353e+00	1.015434e+01
3.009352368556405e-02	-6.112242e+00	6.078145e+00	1.215793e+01
3.010087285596959e-02	-5.972675e+00	6.493370e+00	1.298839e+01
3.014267122023936e-02	-5.201749e+00	6.498114e+00	1.299788e+01
3.018446958450914e-02	-4.458909e+00	6.501695e+00	1.300504e+01
3.022626794877891e-02	-3.744154e+00	6.504113e+00	1.300987e+01
3.026806631304868e-02	-3.057485e+00	6.505366e+00	1.301238e+01
3.030986467731845e-02	-2.398902e+00	6.505455e+00	1.301256e+01
3.035166304158823e-02	-1.768404e+00	6.504381e+00	1.301041e+01
3.039346140585800e-02	-1.165992e+00	6.502143e+00	1.300593e+01
3.044228953085800e-02	-4.904951e-01	6.502143e+00	1.300593e+01
3.049111765585800e-02	1.528046e-01	6.502142e+00	1.300593e+01
3.053994578085800e-02	7.654418e-01	6.502142e+00	1.300593e+01
3.058877390585800e-02	1.348878e+00	6.502142e+00	1.300593e+01
3.063760203085800e-02	1.904505e+00	6.502142e+00	1.300593e+01
3.068643015585800e-02	2.433648e+00	6.502142e+00	1.300593e+01
3.073525828085800e-02	2.937570e+00	6.502141e+00	1.300593e+01
3.078408640585801e-02	3.417473e+00	6.502141e+00	1.300593e+01
3.083291453085801e-02	3.874501e+00	6.502141e+00	1.300593e+01
3.093057078085801e-02	4.724245e+00	6.502141e+00	1.300593e+01
3.102822703085801e-02	5.494913e+00	6.502141e+00	1.300593e+01
3.104522968152765e-02	5.621665e+00	6.502183e+00	1.300602e+01
3.106223233219730e-02	5.746487e+00	6.502203e+00	1.300606e+01
3.107923498286694e-02	5.869379e+00	6.502203e+00	1.300606e+01
3.109623763353658e-02	5.990340e+00	6.502181e+00	1.300601e+01
3.111324028420622e-02	6.109371e+00	6.502138e+00	1.300592e+01
3.113024293487587e-02	6.226471e+00	6.502075e+00	1.300579e+01
3.114724558554551e-02	6.341642e+00	6.501990e+00	1.300561e+01
3.115334910117051e-02	6.382157e+00	6.501455e+00	1.300449e+01
3.115847707060420e-02	6.416030e+00	6.500003e+00	1.300148e+01
3.116353571688573e-02	6.449286e+00	6.497039e+00	1.299535e+01
3.116588636833486e-02	6.464642e+00	6.493189e+00	1.298748e+01
3.116876024297780e-02	6.483350e+00	6.484991e+00	1.297082e+01
3.116956440542348e-02	6.488558e+00	6.479034e+00	1.295879e+01
3.117005786171937e-02	6.491747e+00	6.472678e+00	1.294599e+01
3.117045748103202e-02	6.494322e+00	6.461031e+00	1.292256e+01
3.117083062132098e-02	6.496707e+00	6.429190e+00	1.285868e+01
3.117122654258199e-02	6.499204e+00	6.360755e+00	1.272158e+01
3.117145842312628e-02	6.500635e+00	6.304270e+00	1.260855e+01
3.117292390553728e-02	6.508885e+00	5.900090e+00	1.180018e+01
3.117438938794827e-02	6.515645e+00	5.495736e+00	1.099147e+01
3.117585487035926e-02	6.520915e+00	5.091211e+00	1.018242e+01
3.117732035277025e-02	6.524696e+00	4.686513e+00	9.373020e+00
3.117878583518124e-02	6.526987e+00	4.281643e+00	8.563280e+00
3.118025131759224e-02	6.527789e+00	3.876600e+00	7.753197e+00
3.118171680000323e-02	6.527102e+00	3.471385e+00	6.942771e+00
3.119173477419937e-02	6.483180e+00	7.049730e-01	1.409946e+00
3.121177072259166e-02	6.274050e+00	-4.351285e+00	-8.702571e+00
3.122323397199549e-02	6.098502e+00	-6.482929e+00	-1.296586e+01
3.123540990240057e-02	5.868029e+00	-6.495367e+00	-1.299073e+01
3.124758583280566e-02	5.640466e+00	-6.504608e+00	-1.300922e+01
3.125976176321075e-02	5.415813e+00	-6.510654e+00	-1.302131e+01
3.127193769361584e-02	5.194071e+00	-6.513503e+00	-1.302701e+01
3.128411362402093e-02	4.975238e+00	-6.513157e+00	-1.302631e+01
3.129628955442601e-02	4.759315e+00	-6.509614e+00	-1.301923e+01
3.130846548483110e-02	4.546302e+00	-6.502876e+00	-1.300575e+01
3.135729360983110e-02	3.711290e+00	-6.502819e+00	-1.300564e+01
3.140612173483109e-02	2.914412e+00	-6.502766e+00	-1.300553e+01
3.145494985983109e-02	2.155523e+00	-6.502715e+00	-1.300543e+01
3.150377798483109e-02	1.432810e+00	-6.502666e+00	-1.300533e+01
3.155260610983109e-02	7.445498e-01	-6.502619e+00	-1.300524e+01
3.160143423483108e-02	8.909982e-02	-6.502574e+00	-1.300515e+01
3.165026235983108e-02	-5.351042e-01	-6.502532e+00	-1.300506e+01
3.169909048483108e-02	-1.129552e+00	-6.502491e+00	-1.300498e+01
3.174791860983107e-02	-1.695661e+00	-6.502451e+00	-1.300490e+01
3.179674673483107e-02	-2.234783e+00	-6.502414e+00	-1.300483e+01
3.184557485983107e-02	-2.748205e+00	-6.502379e+00	-1.300476e+01
3.189440298483107e-02	-3.237151e+00	-6.502345e+00	-1.300469e+01
3.194323110983106e-02	-3.702788e+00	-6.502312e+00	-1.300463e+01
3.199205923483106e-02	-4.146228e+00	-6.502281e+00	-1.300456e+01
3.208971548483106e-02	-4.970697e+00	-6.502223e+00	-1.300445e+01
3.218737173483105e-02	-5.718433e+00	-6.502171e+00	-1.300434e+01
3.223619985983105e-02	-6.065770e+00	-6.501848e+00	-1.300368e+01
3.228586653452750e-02	-6.405987e+00	-6.500793e+00	-1.300149e+01
3.228754363392042e-02	-6.417032e+00	-6.500302e+00	-1.300047e+01
3.229089783270626e-02	-6.439048e+00	-6.497768e+00	-1.299525e+01
3.229646178105974e-02	-6.475435e+00	-6.490132e+00	-1.297964e+01
3.229765211449010e-02	-6.483164e+00	-6.484811e+00	-1.296887e+01
3.229873069280924e-02	-6.490149e+00	-6.475577e+00	-1.295024e+01
3.229934938333869e-02	-6.494139e+00	-6.460389e+00	-1.291970e+01
3.229981175824880e-02	-6.497092e+00	-6.420705e+00	-1.284013e+01
3.230031052949195e-02	-6.500218e+00	-6.332529e+00	-1.266357e+01
3.230064304828861e-02	-6.502246e+00	-6.253160e+00	-1.250478e+01
3.230348322428652e-02	-6.516948e+00	-5.515663e+00	-1.102978e+01
3.230632340028444e-02	-6.526357e+00	-4.774782e+00	-9.548007e+00
3.230916357628236e-02	-6.530473e+00	-4.030516e+00	-8.059470e+00
3.231200375228027e-02	-6.529295e+00	-3.282867e+00	-6.564164e+00
3.231484392827819e-02	-6.522825e+00	-2.531832e+00	-5.062089e+00
3.231768410427611e-02	-6.511062e+00	-1.777414e+00	-3.553246e+00
3.232052428027402e-02	-6.494005e+00	-1.019611e+00	-2.037635e+00
3.233950633243072e-02	-6.312144e+00	3.878057e+00	7.757740e+00
3.235077897412227e-02	-6.148320e+00	6.456769e+00	1.291518e+01
3.235108704953404e-02	-6.142776e+00	6.490138e+00	1.298192e+01
3.235758020175471e-02	-6.018888e+00	6.496740e+00	1.299513e+01
3.236407335397537e-02	-5.895959e+00	6.501713e+00	1.300507e+01
3.237056650619604e-02	-5.773990e+00	6.505057e+00	1.301176e+01
3.237705965841670e-02	-5.652981e+00	6.506773e+00	1.301519e+01
3.238355281063737e-02	-5.532931e+00	6.506859e+00	1.301536e+01
3.239004596285804e-02	-5.413842e+00	6.505316e+00	1.301228e+01
3.239653911507871e-02	-5.295712e+00	6.502145e+00	1.300594e+01
3.243738791420193e-02	-4.568176e+00	6.502144e+00	1.300593e+01
3.248621603920192e-02	-3.732180e+00	6.502144e+00	1.300593e+01
3.253504416420192e-02	-2.934367e+00	6.502143e+00	1.300593e+01
3.258387228920192e-02	-2.174581e+00	6.502143e+00	1.300593e+01
3.263270041420192e-02	-1.451011e+00	6.502143e+00	1.300593e+01
3.268152853920191e-02	-7.619285e-01	6.502143e+00	1.300593e+01
3.273035666420191e-02	-1.056911e-01	6.502142e+00	1.300593e+01
3.277918478920191e-02	5.192671e-01	6.502142e+00	1.300593e+01
3.282801291420191e-02	1.114437e+00	6.502142e+00	1.300593e+01
3.287684103920190e-02	1.681238e+00	6.502142e+00	1.300593e+01
3.292566916420190e-02	2.221024e+00	6.502142e+00	1.300593e+01
3.297449728920190e-02	2.735080e+00	6.502141e+00	1.300593e+01
3.302332541420189e-02	3.224635e+00	6.502141e+00	1.300593e+01
3.307215353920189e-02	3.690855e+00	6.502141e+00	1.300593e+01
3.312098166420189e-02	4.134852e+00	6.502141e+00	1.300593e+01
3.321863791420188e-02	4.960368e+00	6.502141e+00	1.300593e+01
3.331629416420188e-02	5.709064e+00	6.502141e+00	1.300593e+01
3.336512228920187e-02	6.056853e+00	6.501908e+00	1.300545e+01
3.341498635994621e-02	6.398825e+00	6.501066e+00	1.300370e+01
3.341705825143488e-02	6.412481e+00	6.500484e+00	1.300248e+01
3.342187360661776e-02	6.444139e+00	6.497983e+00	1.299729e+01
3.342623927852319e-02	6.472658e+00	6.491169e+00	1.298335e+01
3.342807703585041e-02	6.484593e+00	6.482955e+00	1.296672e+01
3.342908683646452e-02	6.491127e+00	6.471885e+00	1.294440e+01
3.342972688878279e-02	6.495231e+00	6.434989e+00	1.287039e+01
3.343047428174208e-02	6.499936e+00	6.324209e+00	1.264850e+01
3.343082571618351e-02	6.502076e+00	6.241530e+00	1.248306e+01
3.343234184892335e-02	6.510522e+00	5.822939e+00	1.164588e+01
3.343385798166319e-02	6.517393e+00	5.404285e+00	1.080857e+01
3.343537411440303e-02	6.522688e+00	4.985567e+00	9.971133e+00
3.343689024714287e-02	6.526408e+00	4.566785e+00	9.133570e+00
3.343840637988271e-02	6.528552e+00	4.147940e+00	8.295879e+00
3.343992251262255e-02	6.529121e+00	3.729031e+00	7.458062e+00
3.344143864536239e-02	6.528114e+00	3.310059e+00	6.620117e+00
3.345085809472514e-02	6.486467e+00	7.088824e-01	1.417765e+00
3.346969699345066e-02	6.294013e+00	-4.158488e+00	-8.316977e+00
3.348078518825282e-02	6.127420e+00	-6.473089e+00	-1.294618e+01
3.348152439432355e-02	6.113523e+00	-6.497205e+00	-1.299441e+01
3.352747839785392e-02	5.262338e+00	-6.500118e+00	-1.300024e+01
3.357343240138430e-02	4.444788e+00	-6.502318e+00	-1.300464e+01
3.361938640491467e-02	3.660873e+00	-6.503806e+00	-1.300761e+01
3.366534040844505e-02	2.910592e+00	-6.504580e+00	-1.300916e+01
3.371129441197542e-02	2.193946e+00	-6.504642e+00	-1.300928e+01
3.375724841550580e-02	1.510935e+00	-6.503991e+00	-1.300798e+01
3.380320241903617e-02	8.615589e-01	-6.502627e+00	-1.300525e+01
3.385203054403617e-02	2.005309e-01	-6.502582e+00	-1.300516e+01
3.390085866903617e-02	-4.289851e-01	-6.502539e+00	-1.300508e+01
3.394968679403616e-02	-1.028491e+00	-6.502498e+00	-1.300500e+01
3.399851491903616e-02	-1.599418e+00	-6.502459e+00	-1.300492e+01
3.404734304403616e-02	-2.143129e+00	-6.502421e+00	-1.300484e+01
3.409617116903615e-02	-2.660919e+00	-6.502385e+00	-1.300477e+01
3.414499929403615e-02	-3.154027e+00	-6.502351e+00	-1.300470e+01
3.419382741903615e-02	-3.623627e+00	-6.502318e+00	-1.300464e+01
3.424265554403615e-02	-4.070840e+00	-6.502287e+00	-1.300457e+01
3.434031179403614e-02	-4.902326e+00	-6.502229e+00	-1.300446e+01
3.443796804403614e-02	-5.656425e+00	-6.502175e+00	-1.300435e+01
3.453562429403613e-02	-6.343831e+00	-6.501853e+00	-1.300368e+01
3.454083104365251e-02	-6.378753e+00	-6.501235e+00	-1.300240e+01
3.454982331328502e-02	-6.438083e+00	-6.498606e+00	-1.299695e+01
3.455181582820342e-02	-6.451140e+00	-6.496753e+00	-1.299314e+01
3.455477693057770e-02	-6.470481e+00	-6.492236e+00	-1.298391e+01
3.455660342547621e-02	-6.482353e+00	-6.485221e+00	-1.296970e+01
3.455779148999435e-02	-6.490048e+00	-6.474892e+00	-1.294887e+01
3.455853259436974e-02	-6.494820e+00	-6.447767e+00	-1.289439e+01
3.455909633001915e-02	-6.498405e+00	-6.385359e+00	-1.276930e+01
3.455943846785649e-02	-6.500529e+00	-6.315537e+00	-1.262955e+01
3.456016054998028e-02	-6.504827e+00	-6.130863e+00	-1.226018e+01
3.456242679744950e-02	-6.516195e+00	-5.542028e+00	-1.108251e+01
3.456469304491872e-02	-6.524184e+00	-4.951065e+00	-9.900574e+00
3.456695929238794e-02	-6.528795e+00	-4.357973e+00	-8.714385e+00
3.456922553985716e-02	-6.530026e+00	-3.762752e+00	-7.523940e+00
3.457149178732638e-02	-6.527879e+00	-3.165403e+00	-6.329237e+00
3.457375803479561e-02	-6.522354e+00	-2.565925e+00	-5.130277e+00
3.457602428226483e-02	-6.513449e+00	-1.964319e+00	-3.927059e+00
3.459189547780841e-02	-6.398165e+00	2.282740e+00	4.567093e+00
3.460354434059378e-02	-6.249177e+00	5.090806e+00	1.018325e+01
3.461176961983428e-02	-6.109877e+00	6.486037e+00	1.297372e+01
3.465745222956054e-02	-5.263873e+00	6.494348e+00	1.299034e+01
3.470313483928680e-02	-4.451100e+00	6.500655e+00	1.300296e+01
3.474881744901305e-02	-3.671557e+00	6.504959e+00	1.301156e+01
3.479450005873930e-02	-2.925245e+00	6.507260e+00	1.301617e+01
3.484018266846556e-02	-2.212164e+00	6.507557e+00	1.301676e+01
3.488586527819182e-02	-1.532312e+00	6.505852e+00	1.301335e+01
3.493154788791807e-02	-8.856918e-01	6.502143e+00	1.300593e+01
3.498037601291807e-02	-2.235552e-01	6.502142e+00	1.300593e+01
3.502920413791807e-02	4.070209e-01	6.502142e+00	1.300593e+01
3.507803226291806e-02	1.007541e+00	6.502142e+00	1.300593e+01
3.512686038791806e-02	1.579437e+00	6.502142e+00	1.300593e+01
3.517568851291806e-02	2.124075e+00	6.502142e+00	1.300593e+01
3.522451663791806e-02	2.642752e+00	6.502142e+00	1.300593e+01
3.527334476291805e-02	3.136708e+00	6.502141e+00	1.300593e+01
3.532217288791805e-02	3.607119e+00	6.502141e+00	1.300593e+01
3.537100101291805e-02	4.055108e+00	6.502141e+00	1.300593e+01
3.546865726291804e-02	4.888044e+00	6.502141e+00	1.300593e+01
3.556631351291804e-02	5.643470e+00	6.502141e+00	1.300593e+01
3.566396976291803e-02	6.332008e+00	6.501919e+00	1.300547e+01
3.567007327854303e-02	6.372996e+00	6.501360e+00	1.300430e+01
3.567874080314708e-02	6.430254e+00	6.499329e+00	1.300008e+01
3.568087365225454e-02	6.444249e+00	6.497719e+00	1.299675e+01
3.568413482180894e-02	6.465577e+00	6.493600e+00	1.298830e+01
3.568663904627557e-02	6.481864e+00	6.484902e+00	1.297066e+01
3.568797493863542e-02	6.490525e+00	6.476270e+00	1.295322e+01
3.568817033778953e-02	6.491786e+00	6.473098e+00	1.294683e+01
3.568856113609775e-02	6.494303e+00	6.461833e+00	1.292417e+01
3.568889544474161e-02	6.496442e+00	6.435117e+00	1.287056e+01
3.568928687389139e-02	6.498917e+00	6.371150e+00	1.274238e+01
3.568950247479757e-02	6.500252e+00	6.320164e+00	1.264034e+01
3.569034419314091e-02	6.505209e+00	6.089223e+00	1.217845e+01
3.569290576459912e-02	6.517215e+00	5.381508e+00	1.076302e+01
3.569546733605733e-02	6.524705e+00	4.673854e+00	9.347708e+00
3.569802890751553e-02	6.527678e+00	3.966260e+00	7.932519e+00
3.570059047897375e-02	6.526136e+00	3.258726e+00	6.517451e+00
3.570315205043195e-02	6.520078e+00	2.551252e+00	5.102503e+00
3.570571362189016e-02	6.509503e+00	1.843838e+00	3.687676e+00
3.570827519334837e-02	6.494413e+00	1.136484e+00	2.272968e+00
3.572678461291735e-02	6.320080e+00	-3.786335e+00	-7.572669e+00
3.573807089002820e-02	6.157159e+00	-6.453834e+00	-1.290767e+01
3.573839186722765e-02	6.151396e+00	-6.490014e+00	-1.298003e+01
3.574484517372813e-02	6.028197e+00	-6.497136e+00	-1.299427e+01
3.575129848022861e-02	5.905945e+00	-6.502499e+00	-1.300500e+01
3.575775178672909e-02	5.784641e+00	-6.506103e+00	-1.301221e+01
3.576420509322956e-02	5.664285e+00	-6.507948e+00	-1.301590e+01
3.577065839973004e-02	5.544876e+00	-6.508033e+00	-1.301607e+01
3.577711170623053e-02	5.426415e+00	-6.506360e+00	-1.301272e+01
3.578356501273101e-02	5.308902e+00	-6.502927e+00	-1.300585e+01
3.582393386336907e-02	4.589209e+00	-6.502878e+00	-1.300576e+01
3.587276198836906e-02	3.752246e+00	-6.502822e+00	-1.300564e+01
3.592159011336906e-02	2.953416e+00	-6.502769e+00	-1.300554e+01
3.597041823836906e-02	2.192667e+00	-6.502717e+00	-1.300543e+01
3.601924636336905e-02	1.468184e+00	-6.502668e+00	-1.300534e+01
3.606807448836905e-02	7.782371e-01	-6.502621e+00	-1.300524e+01
3.611690261336905e-02	1.211812e-01	-6.502576e+00	-1.300515e+01
3.616573073836905e-02	-5.045521e-01	-6.502534e+00	-1.300507e+01
3.621455886336904e-02	-1.100456e+00	-6.502493e+00	-1.300499e+01
3.626338698836904e-02	-1.667952e+00	-6.502453e+00	-1.300491e+01
3.631221511336904e-02	-2.208395e+00	-6.502416e+00	-1.300483e+01
3.636104323836904e-02	-2.723075e+00	-6.502380e+00	-1.300476e+01
3.640987136336903e-02	-3.213219e+00	-6.502347e+00	-1.300469e+01
3.645869948836903e-02	-3.679997e+00	-6.502314e+00	-1.300463e+01
3.650752761336903e-02	-4.124524e+00	-6.502283e+00	-1.300457e+01
3.660518386336902e-02	-4.951014e+00	-6.502225e+00	-1.300445e+01
3.670284011336902e-02	-5.700581e+00	-6.502172e+00	-1.300434e+01
3.675166823836901e-02	-6.048775e+00	-6.501983e+00	-1.300395e+01
3.680049636336901e-02	-6.384188e+00	-6.501412e+00	-1.300277e+01
3.680184590931773e-02	-6.393220e+00	-6.501299e+00	-1.300253e+01
3.680454500121517e-02	-6.411015e+00	-6.500501e+00	-1.300088e+01
3.680994318501004e-02	-6.446435e+00	-6.495077e+00	-1.298978e+01
3.681604213722772e-02	-6.486245e+00	-6.481778e+00	-1.296274e+01
3.681681803567981e-02	-6.491261e+00	-6.472756e+00	-1.294456e+01
3.681725901747485e-02	-6.494102e+00	-6.459626e+00	-1.291816e+01
3.681764025330583e-02	-6.496537e+00	-6.426680e+00	-1.285208e+01
3.681805082938217e-02	-6.499123e+00	-6.356664e+00	-1.271185e+01
3.681831508358292e-02	-6.500751e+00	-6.295053e+00	-1.258857e+01
3.682112171367351e-02	-6.515421e+00	-5.566667e+00	-1.113179e+01
3.682392834376409e-02	-6.524910e+00	-4.834886e+00	-9.668214e+00
3.682673497385468e-02	-6.529217e+00	-4.099709e+00	-8.197854e+00
3.682954160394526e-02	-6.528342e+00	-3.361138e+00	-6.720704e+00
3.683234823403584e-02	-6.522286e+00	-2.619171e+00	-5.236765e+00
3.683515486412643e-02	-6.511048e+00	-1.873809e+00	-3.746036e+00
3.683796149421701e-02	-6.494628e+00	-1.125052e+00	-2.248519e+00
3.685718406036936e-02	-6.313218e+00	3.836709e+00	7.675043e+00
3.686860097790690e-02	-6.148149e+00	6.456039e+00	1.291372e+01
3.686891322321009e-02	-6.142536e+00	6.490030e+00	1.298171e+01
3.687543069956653e-02	-6.018186e+00	6.496697e+00	1.299504e+01
3.688194817592297e-02	-5.894804e+00	6.501718e+00	1.300508e+01
3.688846565227941e-02	-5.772388e+00	6.505094e+00	1.301184e+01
3.689498312863585e-02	-5.650939e+00	6.506825e+00	1.301530e+01
3.690150060499230e-02	-5.530457e+00	6.506910e+00	1.301547e+01
3.690801808134873e-02	-5.410943e+00	6.505350e+00	1.301235e+01
3.691453555770518e-02	-5.292395e+00	6.502145e+00	1.300594e+01
3.695553995322634e-02	-4.562263e+00	6.502144e+00	1.300593e+01
3.700436807822634e-02	-3.726516e+00	6.502144e+00	1.300593e+01
3.705319620322634e-02	-2.928973e+00	6.502143e+00	1.300593e+01
3.710202432822633e-02	-2.169444e+00	6.502143e+00	1.300593e+01
3.715085245322633e-02	-1.446118e+00	6.502143e+00	1.300593e+01
3.719968057822633e-02	-7.572694e-01	6.502143e+00	1.300593e+01
3.724850870322632e-02	-1.012541e-01	6.502142e+00	1.300593e+01
3.729733682822632e-02	5.234926e-01	6.502142e+00	1.300593e+01
3.734616495322632e-02	1.118461e+00	6.502142e+00	1.300593e+01
3.739499307822632e-02	1.685071e+00	6.502142e+00	1.300593e+01
3.744382120322631e-02	2.224673e+00	6.502142e+00	1.300593e+01
3.749264932822631e-02	2.738556e+00	6.502141e+00	1.300593e+01
3.754147745322631e-02	3.227944e+00	6.502141e+00	1.300593e+01
3.759030557822630e-02	3.694007e+00	6.502141e+00	1.300593e+01
3.763913370322630e-02	4.137855e+00	6.502141e+00	1.300593e+01
3.773678995322630e-02	4.963090e+00	6.502141e+00	1.300593e+01
3.783444620322629e-02	5.711533e+00	6.502141e+00	1.300593e+01
3.788327432822629e-02	6.059203e+00	6.501889e+00	1.300541e+01
3.793307442479114e-02	6.400635e+00	6.500991e+00	1.300354e+01
3.793501836792087e-02	6.413445e+00	6.500439e+00	1.300238e+01
3.793958705909645e-02	6.443480e+00	6.498066e+00	1.299746e+01
3.794405217452715e-02	6.472650e+00	6.491099e+00	1.298321e+01
3.794443427613362e-02	6.475136e+00	6.490535e+00	1.298205e+01
3.794481637774007e-02	6.477621e+00	6.489476e+00	1.297990e+01
3.794519847934654e-02	6.480103e+00	6.487924e+00	1.297675e+01
3.794558058095301e-02	6.482583e+00	6.485877e+00	1.297261e+01
3.794596268255947e-02	6.485060e+00	6.483336e+00	1.296748e+01
3.794634478416593e-02	6.487535e+00	6.480301e+00	1.296135e+01
3.794672688577240e-02	6.490008e+00	6.476771e+00	1.295423e+01
3.794725726120907e-02	6.493430e+00	6.466630e+00	1.293382e+01
3.794761498075766e-02	6.495722e+00	6.442872e+00	1.288614e+01
3.794813599908284e-02	6.499017e+00	6.364822e+00	1.272974e+01
3.794840665519891e-02	6.500690e+00	6.302515e+00	1.260504e+01
3.795051507474344e-02	6.512156e+00	5.720878e+00	1.144176e+01
3.795262349428798e-02	6.520553e+00	5.139039e+00	1.027808e+01
3.795473191383252e-02	6.525881e+00	4.556999e+00	9.113992e+00
3.795684033337705e-02	6.528140e+00	3.974757e+00	7.949506e+00
3.795894875292159e-02	6.527329e+00	3.392313e+00	6.784620e+00
3.796105717246612e-02	6.523450e+00	2.809668e+00	5.619332e+00
3.796316559201066e-02	6.516501e+00	2.226821e+00	4.453642e+00
3.797734636978821e-02	6.422304e+00	-1.688496e+00	-3.376992e+00
3.798959560087377e-02	6.273457e+00	-4.799424e+00	-9.598848e+00
3.799806772681639e-02	6.134366e+00	-6.477520e+00	-1.295504e+01
3.799958286931274e-02	6.105549e+00	-6.499304e+00	-1.299861e+01
3.801100959842606e-02	5.888644e+00	-6.502946e+00	-1.300589e+01
3.806955236553446e-02	4.821101e+00	-6.502894e+00	-1.300579e+01
3.811838049053445e-02	3.974559e+00	-6.502837e+00	-1.300567e+01
3.816720861553445e-02	3.165131e+00	-6.502783e+00	-1.300557e+01
3.821603674053445e-02	2.394289e+00	-6.502731e+00	-1.300546e+01
3.826486486553445e-02	1.660194e+00	-6.502681e+00	-1.300536e+01
3.831369299053444e-02	9.610941e-01	-6.502634e+00	-1.300527e+01
3.836252111553444e-02	2.953212e-01	-6.502588e+00	-1.300518e+01
3.841134924053444e-02	-3.387135e-01	-6.502545e+00	-1.300509e+01
3.846017736553443e-02	-9.425231e-01	-6.502503e+00	-1.300501e+01
3.850900549053443e-02	-1.517548e+00	-6.502464e+00	-1.300493e+01
3.855783361553443e-02	-2.065161e+00	-6.502426e+00	-1.300485e+01
3.860666174053443e-02	-2.586669e+00	-6.502390e+00	-1.300478e+01
3.865548986553442e-02	-3.083316e+00	-6.502356e+00	-1.300471e+01
3.870431799053442e-02	-3.556287e+00	-6.502323e+00	-1.300465e+01
3.875314611553442e-02	-4.006711e+00	-6.502291e+00	-1.300458e+01
3.885080236553441e-02	-4.844165e+00	-6.502233e+00	-1.300447e+01
3.894845861553441e-02	-5.603677e+00	-6.502179e+00	-1.300436e+01
3.904611486553440e-02	-6.295937e+00	-6.502082e+00	-1.300416e+01
3.905221838115940e-02	-6.337118e+00	-6.501774e+00	-1.300352e+01
3.906442541240941e-02	-6.418068e+00	-6.500211e+00	-1.300028e+01
3.906533006893202e-02	-6.424037e+00	-6.499931e+00	-1.299969e+01
3.906713938197724e-02	-6.435913e+00	-6.498751e+00	-1.299726e+01
3.907116739810368e-02	-6.462291e+00	-6.494697e+00	-1.298893e+01
3.907362373831970e-02	-6.478285e+00	-6.488008e+00	-1.297534e+01
3.907512393131705e-02	-6.488024e+00	-6.480786e+00	-1.296073e+01
3.907592099375103e-02	-6.493173e+00	-6.468936e+00	-1.293687e+01
3.907630390273548e-02	-6.495633e+00	-6.451247e+00	-1.290134e+01
3.907669326565269e-02	-6.498113e+00	-6.407076e+00	-1.281277e+01
3.907698951395592e-02	-6.499968e+00	-6.349115e+00	-1.269673e+01
3.907728282106745e-02	-6.501764e+00	-6.276978e+00	-1.255241e+01
3.907952003342529e-02	-6.513709e+00	-5.696386e+00	-1.139122e+01
3.908175724578312e-02	-6.522362e+00	-5.113657e+00	-1.022576e+01
3.908399445814096e-02	-6.527722e+00	-4.528792e+00	-9.056025e+00
3.908623167049879e-02	-6.529790e+00	-3.941790e+00	-7.882015e+00
3.908846888285663e-02	-6.528566e+00	-3.352651e+00	-6.703732e+00
3.909070609521446e-02	-6.524050e+00	-2.761375e+00	-5.521176e+00
3.909294330757230e-02	-6.516242e+00	-2.167962e+00	-4.334346e+00
3.910847940960917e-02	-6.410066e+00	1.985167e+00	3.971946e+00
3.912044761056175e-02	-6.261751e+00	4.925241e+00	9.852118e+00
3.912883721157943e-02	-6.122110e+00	6.480755e+00	1.296316e+01
3.913435210215360e-02	-6.017019e+00	6.493000e+00	1.298765e+01
3.913986699272776e-02	-5.912599e+00	6.502182e+00	1.300601e+01
3.914538188330193e-02	-5.808850e+00	6.508301e+00	1.301825e+01
3.915089677387609e-02	-5.705772e+00	6.511357e+00	1.302436e+01
3.915641166445026e-02	-5.603364e+00	6.511350e+00	1.302435e+01
3.916192655502442e-02	-5.501627e+00	6.508280e+00	1.301821e+01
3.916744144559859e-02	-5.400561e+00	6.502148e+00	1.300594e+01
3.920169131683784e-02	-4.785554e+00	6.502145e+00	1.300594e+01
3.925051944183783e-02	-3.940601e+00	6.502144e+00	1.300593e+01
3.929934756683783e-02	-3.132854e+00	6.502143e+00	1.300593e+01
3.934817569183783e-02	-2.363607e+00	6.502143e+00	1.300593e+01
3.939700381683783e-02	-1.631027e+00	6.502143e+00	1.300593e+01
3.944583194183782e-02	-9.333644e-01	6.502143e+00	1.300593e+01
3.949466006683782e-02	-2.689556e-01	6.502143e+00	1.300593e+01
3.954348819183782e-02	3.637846e-01	6.502142e+00	1.300593e+01
3.959231631683782e-02	9.663654e-01	6.502142e+00	1.300593e+01
3.964114444183781e-02	1.540225e+00	6.502142e+00	1.300593e+01
3.968997256683781e-02	2.086731e+00	6.502142e+00	1.300593e+01
3.973880069183781e-02	2.607189e+00	6.502142e+00	1.300593e+01
3.978762881683780e-02	3.102839e+00	6.502141e+00	1.300593e+01
3.983645694183780e-02	3.574864e+00	6.502141e+00	1.300593e+01
3.988528506683780e-02	4.024391e+00	6.502141e+00	1.300593e+01
3.998294131683779e-02	4.860186e+00	6.502141e+00	1.300593e+01
4.008059756683779e-02	5.618204e+00	6.502141e+00	1.300593e+01
4.018153021899972e-02	6.331518e+00	6.502028e+00	1.300569e+01
4.018808302332360e-02	6.375072e+00	6.501587e+00	1.300477e+01
4.019341388045485e-02	6.410326e+00	6.500357e+00	1.300221e+01
4.019852271096235e-02	6.443894e+00	6.496308e+00	1.299389e+01
4.020413551653781e-02	6.480573e+00	6.486858e+00	1.297460e+01
4.020439120623685e-02	6.482233e+00	6.486342e+00	1.297355e+01
4.020464689593587e-02	6.483892e+00	6.485263e+00	1.297136e+01
4.020490258563490e-02	6.485549e+00	6.483622e+00	1.296805e+01
4.020515827533393e-02	6.487205e+00	6.481417e+00	1.296360e+01
4.020541396503296e-02	6.488859e+00	6.478649e+00	1.295802e+01
4.020566965473198e-02	6.490511e+00	6.475318e+00	1.295131e+01
4.020592534443101e-02	6.492162e+00	6.471425e+00	1.294346e+01
4.020633249243117e-02	6.494782e+00	6.456936e+00	1.291434e+01
4.020667356536447e-02	6.496960e+00	6.423742e+00	1.284775e+01
4.020704222603468e-02	6.499279e+00	6.355021e+00	1.271011e+01
4.020729388907150e-02	6.500827e+00	6.292086e+00	1.258418e+01
4.020883003009006e-02	6.509397e+00	5.868190e+00	1.173638e+01
4.021036617110863e-02	6.516330e+00	5.444173e+00	1.088834e+01
4.021190231212719e-02	6.521627e+00	5.020036e+00	1.004007e+01
4.021343845314575e-02	6.525288e+00	4.595778e+00	9.191551e+00
4.021497459416432e-02	6.527313e+00	4.171400e+00	8.342795e+00
4.021651073518288e-02	6.527703e+00	3.746901e+00	7.493799e+00
4.021804687620145e-02	6.526456e+00	3.322282e+00	6.644564e+00
4.022856560066229e-02	6.474743e+00	4.177561e-01	8.355121e-01
4.024960304958399e-02	6.240783e+00	-4.713513e+00	-9.427027e+00
4.026123732568823e-02	6.055150e+00	-6.437204e+00	-1.287441e+01
4.026278890465887e-02	6.026304e+00	-6.502812e+00	-1.300562e+01
4.030431576096159e-02	5.258946e+00	-6.502841e+00	-1.300568e+01
4.034584261726431e-02	4.519114e+00	-6.502852e+00	-1.300571e+01
4.038736947356703e-02	3.806807e+00	-6.502846e+00	-1.300569e+01
4.042889632986975e-02	3.122027e+00	-6.502824e+00	-1.300565e+01
4.047042318617246e-02	2.464774e+00	-6.502784e+00	-1.300557e+01
4.051195004247519e-02	1.835046e+00	-6.502726e+00	-1.300545e+01
4.055347689877790e-02	1.232844e+00	-6.502652e+00	-1.300530e+01
4.060230502377790e-02	5.541168e-01	-6.502606e+00	-1.300521e+01
4.065113314877790e-02	-9.225509e-02	-6.502562e+00	-1.300512e+01
4.069996127377790e-02	-7.078136e-01	-6.502520e+00	-1.300504e+01
4.074878939877789e-02	-1.294028e+00	-6.502479e+00	-1.300496e+01
4.079761752377789e-02	-1.852296e+00	-6.502441e+00	-1.300488e+01
4.084644564877789e-02	-2.383952e+00	-6.502404e+00	-1.300481e+01
4.089527377377788e-02	-2.890262e+00	-6.502369e+00	-1.300474e+01
4.094410189877788e-02	-3.372436e+00	-6.502336e+00	-1.300467e+01
4.099293002377788e-02	-3.831624e+00	-6.502303e+00	-1.300461e+01
4.109058627377787e-02	-4.685374e+00	-6.502244e+00	-1.300449e+01
4.118824252377787e-02	-5.459665e+00	-6.502189e+00	-1.300438e+01
4.130420932065287e-02	-6.289765e+00	-6.502083e+00	-1.300416e+01
4.131323863575744e-02	-6.350202e+00	-6.501819e+00	-1.300361e+01
4.132071109437458e-02	-6.399837e+00	-6.501184e+00	-1.300229e+01
4.132195804186896e-02	-6.408076e+00	-6.500916e+00	-1.300173e+01
4.132445193685772e-02	-6.424479e+00	-6.499688e+00	-1.299919e+01
4.133006042218873e-02	-6.461256e+00	-6.494890e+00	-1.298932e+01
4.133060621699650e-02	-6.464816e+00	-6.493979e+00	-1.298746e+01
4.133115201180426e-02	-6.468373e+00	-6.492797e+00	-1.298505e+01
4.133169780661203e-02	-6.471927e+00	-6.491342e+00	-1.298210e+01
4.133224360141980e-02	-6.475479e+00	-6.489615e+00	-1.297860e+01
4.133278939622757e-02	-6.479027e+00	-6.487616e+00	-1.297454e+01
4.133333519103533e-02	-6.482573e+00	-6.485345e+00	-1.296995e+01
4.133388098584310e-02	-6.486116e+00	-6.482802e+00	-1.296480e+01
4.133486468600095e-02	-6.492476e+00	-6.471059e+00	-1.294114e+01
4.133526995953509e-02	-6.495084e+00	-6.456515e+00	-1.291191e+01
4.133564873063507e-02	-6.497500e+00	-6.419065e+00	-1.283681e+01
4.133604046972214e-02	-6.499958e+00	-6.346942e+00	-1.269239e+01
4.133634355807207e-02	-6.501815e+00	-6.274083e+00	-1.254662e+01
4.134801571569837e-02	-6.528603e+00	-3.221732e+00	-6.441895e+00
4.135906258985204e-02	-6.471317e+00	-2.801932e-01	-5.587939e-01
4.138115633815936e-02	-6.239278e+00	5.677883e+00	1.135741e+01
4.138266381755516e-02	-6.216048e+00	6.018070e+00	1.203778e+01
4.138567877634676e-02	-6.159534e+00	6.452841e+00	1.290733e+01
4.138643251604466e-02	-6.145223e+00	6.494780e+00	1.299121e+01
4.142148137416028e-02	-5.490827e+00	6.498800e+00	1.299925e+01
4.145653023227590e-02	-4.856553e+00	6.501831e+00	1.300531e+01
4.149157909039151e-02	-4.242400e+00	6.503872e+00	1.300939e+01
4.152662794850713e-02	-3.648369e+00	6.504924e+00	1.301150e+01
4.156167680662275e-02	-3.074459e+00	6.504987e+00	1.301162e+01
4.159672566473837e-02	-2.520672e+00	6.504060e+00	1.300977e+01
4.163177452285399e-02	-1.987005e+00	6.502143e+00	1.300593e+01
4.168060264785398e-02	-1.272375e+00	6.502143e+00	1.300593e+01
4.172943077285398e-02	-5.918077e-01	6.502143e+00	1.300593e+01
4.177825889785398e-02	5.632094e-02	6.502142e+00	1.300593e+01
4.182708702285397e-02	6.735569e-01	6.502142e+00	1.300593e+01
4.187591514785397e-02	1.261373e+00	6.502142e+00	1.300593e+01
4.192474327285397e-02	1.821171e+00	6.502142e+00	1.300593e+01
4.197357139785397e-02	2.354286e+00	6.502142e+00	1.300593e+01
4.202239952285396e-02	2.861990e+00	6.502141e+00	1.300593e+01
4.207122764785396e-02	3.345496e+00	6.502141e+00	1.300593e+01
4.212005577285396e-02	3.805955e+00	6.502141e+00	1.300593e+01
4.221771202285395e-02	4.662077e+00	6.502141e+00	1.300593e+01
4.231536827285395e-02	5.438530e+00	6.502141e+00	1.300593e+01
4.233355262368020e-02	5.575228e+00	6.502191e+00	1.300603e+01
4.235173697450646e-02	5.709615e+00	6.502216e+00	1.300608e+01
4.236992132533272e-02	5.841694e+00	6.502215e+00	1.300608e+01
4.238810567615898e-02	5.971463e+00	6.502190e+00	1.300603e+01
4.240629002698523e-02	6.098923e+00	6.502139e+00	1.300592e+01
4.242447437781149e-02	6.224073e+00	6.502064e+00	1.300577e+01
4.244265872863775e-02	6.346914e+00	6.501963e+00	1.300556e+01
4.244548964336495e-02	6.365757e+00	6.501791e+00	1.300520e+01
4.245115147281935e-02	6.403206e+00	6.500735e+00	1.300299e+01
4.245610742311187e-02	6.435819e+00	6.497791e+00	1.299693e+01
4.246182490364427e-02	6.473247e+00	6.490831e+00	1.298266e+01
4.246340784616518e-02	6.483528e+00	6.483989e+00	1.296881e+01
4.246444224218734e-02	6.490225e+00	6.474551e+00	1.294977e+01
4.246508535574838e-02	6.494370e+00	6.455049e+00	1.291056e+01
4.246554310710217e-02	6.497289e+00	6.409494e+00	1.281921e+01
4.246593109494982e-02	6.499717e+00	6.332703e+00	1.266545e+01
4.246623914304044e-02	6.501593e+00	6.252683e+00	1.250537e+01
4.246823086929403e-02	6.512264e+00	5.702601e+00	1.140520e+01
4.247022259554762e-02	6.520196e+00	5.152494e+00	1.030499e+01
4.247221432180121e-02	6.525387e+00	4.602361e+00	9.204721e+00
4.247420604805480e-02	6.527838e+00	4.052202e+00	8.104404e+00
4.247619777430840e-02	6.527548e+00	3.502019e+00	7.004037e+00
4.247818950056199e-02	6.524519e+00	2.951810e+00	5.903619e+00
4.248018122681558e-02	6.518749e+00	2.401575e+00	4.803150e+00
4.249369708961066e-02	6.433889e+00	-1.330287e+00	-2.660574e+00
4.250680593814766e-02	6.279044e+00	-4.697652e+00	-9.395304e+00
4.251541342885643e-02	6.139875e+00	-6.473803e+00	-1.294761e+01
4.251611025130653e-02	6.126716e+00	-6.496634e+00	-1.299327e+01
4.256127882036548e-02	5.289098e+00	-6.499860e+00	-1.299972e+01
4.260644738942444e-02	4.484064e+00	-6.502295e+00	-1.300459e+01
4.265161595848339e-02	3.711614e+00	-6.503942e+00	-1.300788e+01
4.269678452754234e-02	2.971748e+00	-6.504799e+00	-1.300960e+01
4.274195309660130e-02	2.264466e+00	-6.504866e+00	-1.300973e+01
4.278712166566025e-02	1.589769e+00	-6.504144e+00	-1.300829e+01
4.283229023471920e-02	9.476553e-01	-6.502633e+00	-1.300527e+01
4.288111835971920e-02	2.825229e-01	-6.502587e+00	-1.300517e+01
4.292994648471920e-02	-3.509017e-01	-6.502544e+00	-1.300509e+01
4.297877460971920e-02	-9.541302e-01	-6.502502e+00	-1.300500e+01
4.302760273471919e-02	-1.528602e+00	-6.502463e+00	-1.300493e+01
4.307643085971919e-02	-2.075688e+00	-6.502425e+00	-1.300485e+01
4.312525898471919e-02	-2.596694e+00	-6.502389e+00	-1.300478e+01
4.317408710971919e-02	-3.092863e+00	-6.502355e+00	-1.300471e+01
4.322291523471918e-02	-3.565379e+00	-6.502322e+00	-1.300464e+01
4.327174335971918e-02	-4.015369e+00	-6.502291e+00	-1.300458e+01
4.336939960971917e-02	-4.852018e+00	-6.502232e+00	-1.300446e+01
4.346705585971917e-02	-5.610799e+00	-6.502179e+00	-1.300436e+01
4.351588398471917e-02	-5.963282e+00	-6.502149e+00	-1.300430e+01
4.356471210971916e-02	-6.301130e+00	-6.500312e+00	-1.300051e+01
4.358657161764021e-02	-6.447772e+00	-6.496674e+00	-1.299302e+01
4.358854711951309e-02	-6.460679e+00	-6.494157e+00	-1.298786e+01
4.359148284574141e-02	-6.479807e+00	-6.487528e+00	-1.297436e+01
4.359268974066598e-02	-6.487631e+00	-6.480019e+00	-1.295919e+01
4.359335787260774e-02	-6.491951e+00	-6.471410e+00	-1.294185e+01
4.359383461872415e-02	-6.495018e+00	-6.453008e+00	-1.290488e+01
4.359424973727119e-02	-6.497663e+00	-6.409447e+00	-1.281753e+01
4.359458323115634e-02	-6.499753e+00	-6.345591e+00	-1.268968e+01
4.359488376113434e-02	-6.501592e+00	-6.271996e+00	-1.254245e+01
4.359710946239935e-02	-6.513472e+00	-5.694368e+00	-1.138719e+01
4.359933516366437e-02	-6.522094e+00	-5.114631e+00	-1.022771e+01
4.360156086492938e-02	-6.527457e+00	-4.532783e+00	-9.064007e+00
4.360378656619440e-02	-6.529562e+00	-3.948826e+00	-7.896088e+00
4.360601226745942e-02	-6.528409e+00	-3.362759e+00	-6.723949e+00
4.360823796872444e-02	-6.523997e+00	-2.774583e+00	-5.547592e+00
4.361046366998945e-02	-6.516327e+00	-2.184297e+00	-4.367016e+00
4.362588396976188e-02	-6.411713e+00	1.937386e+00	3.876382e+00
4.363789496818465e-02	-6.263565e+00	4.897443e+00	9.796519e+00
4.364630666142203e-02	-6.123969e+00	6.479758e+00	1.296116e+01
4.365179424762437e-02	-6.019388e+00	6.492488e+00	1.298662e+01
4.365728183382671e-02	-5.915470e+00	6.502041e+00	1.300573e+01
4.366276942002904e-02	-5.812214e+00	6.508417e+00	1.301848e+01
4.366825700623138e-02	-5.709619e+00	6.511615e+00	1.302488e+01
4.367374459243371e-02	-5.607688e+00	6.511635e+00	1.302492e+01
4.367923217863606e-02	-5.506418e+00	6.508478e+00	1.301860e+01
4.368471976483839e-02	-5.405810e+00	6.502144e+00	1.300594e+01
4.371853588314829e-02	-4.798320e+00	6.502144e+00	1.300594e+01
4.376736400814828e-02	-3.952852e+00	6.502144e+00	1.300593e+01
4.381619213314828e-02	-3.144521e+00	6.502143e+00	1.300593e+01
4.386502025814828e-02	-2.374718e+00	6.502143e+00	1.300593e+01
4.391384838314828e-02	-1.641608e+00	6.502143e+00	1.300593e+01
4.396267650814827e-02	-9.434413e-01	6.502143e+00	1.300593e+01
4.401150463314827e-02	-2.785522e-01	6.502143e+00	1.300593e+01
4.406033275814827e-02	3.546453e-01	6.502142e+00	1.300593e+01
4.410916088314826e-02	9.576619e-01	6.502142e+00	1.300593e+01
4.415798900814826e-02	1.531936e+00	6.502142e+00	1.300593e+01
4.420681713314826e-02	2.078837e+00	6.502142e+00	1.300593e+01
4.425564525814826e-02	2.599671e+00	6.502142e+00	1.300593e+01
4.430447338314825e-02	3.095680e+00	6.502141e+00	1.300593e+01
4.435330150814825e-02	3.568046e+00	6.502141e+00	1.300593e+01
4.440212963314825e-02	4.017898e+00	6.502141e+00	1.300593e+01
4.449978588314824e-02	4.854297e+00	6.502141e+00	1.300593e+01
4.459744213314824e-02	5.612863e+00	6.502141e+00	1.300593e+01
4.469837459080789e-02	6.326693e+00	6.502052e+00	1.300574e+01
4.470492700612721e-02	6.370277e+00	6.501676e+00	1.300496e+01
4.471022587120062e-02	6.405348e+00	6.500639e+00	1.300280e+01
4.471530864639264e-02	6.438775e+00	6.497252e+00	1.299582e+01
4.472097879588170e-02	6.475872e+00	6.489594e+00	1.298015e+01
4.472217128237534e-02	6.483614e+00	6.484127e+00	1.296908e+01
4.472311302671782e-02	6.489712e+00	6.476191e+00	1.295307e+01
4.472369490973106e-02	6.493466e+00	6.462527e+00	1.292558e+01
4.472419423759316e-02	6.496657e+00	6.421413e+00	1.284311e+01
4.472466162416974e-02	6.499594e+00	6.338255e+00	1.267657e+01
4.472494617240365e-02	6.501334e+00	6.266999e+00	1.253400e+01
4.472744349665360e-02	6.514424e+00	5.577326e+00	1.115465e+01
4.472994082090355e-02	6.523218e+00	4.887625e+00	9.775250e+00
4.473243814515350e-02	6.527717e+00	4.197896e+00	8.395791e+00
4.473493546940345e-02	6.527920e+00	3.508139e+00	7.016277e+00
4.473743279365340e-02	6.523827e+00	2.818355e+00	5.636707e+00
4.473993011790335e-02	6.515440e+00	2.128542e+00	4.257082e+00
4.474242744215330e-02	6.502756e+00	1.438701e+00	2.877401e+00
4.475920283646689e-02	6.359038e+00	-3.191940e+00	-6.383881e+00
4.477032458064309e-02	6.201880e+00	-5.702470e+00	-1.140494e+01
4.477807415171273e-02	6.062512e+00	-6.488219e+00	-1.297644e+01
4.482105820380553e-02	5.267124e+00	-6.495827e+00	-1.299165e+01
4.486404225589834e-02	4.501279e+00	-6.501586e+00	-1.300317e+01
4.490702630799114e-02	3.764978e+00	-6.505496e+00	-1.301099e+01
4.495001036008393e-02	3.058221e+00	-6.507557e+00	-1.301511e+01
4.499299441217673e-02	2.381008e+00	-6.507768e+00	-1.301554e+01
4.503597846426954e-02	1.733338e+00	-6.506131e+00	-1.301226e+01
4.507896251636234e-02	1.115213e+00	-6.502645e+00	-1.300529e+01
4.512779064136233e-02	4.420926e-01	-6.502598e+00	-1.300520e+01
4.517661876636233e-02	-1.989389e-01	-6.502554e+00	-1.300511e+01
4.522544689136233e-02	-8.094117e-01	-6.502512e+00	-1.300503e+01
4.527427501636232e-02	-1.390783e+00	-6.502472e+00	-1.300495e+01
4.532310314136232e-02	-1.944439e+00	-6.502434e+00	-1.300487e+01
4.537193126636232e-02	-2.471701e+00	-6.502398e+00	-1.300480e+01
4.542075939136232e-02	-2.973829e+00	-6.502363e+00	-1.300473e+01
4.546958751636231e-02	-3.452019e+00	-6.502330e+00	-1.300466e+01
4.551841564136231e-02	-3.907413e+00	-6.502298e+00	-1.300460e+01
4.561607189136230e-02	-4.754109e+00	-6.502239e+00	-1.300448e+01
4.571372814136230e-02	-5.522003e+00	-6.502185e+00	-1.300437e+01
4.576255626636230e-02	-5.878719e+00	-6.502160e+00	-1.300432e+01
4.581138439136229e-02	-6.220270e+00	-6.501804e+00	-1.300358e+01
4.583814673501732e-02	-6.401584e+00	-6.501029e+00	-1.300198e+01
4.584147090725213e-02	-6.423472e+00	-6.499830e+00	-1.299949e+01
4.584644459916976e-02	-6.456105e+00	-6.496094e+00	-1.299179e+01
4.584989952289054e-02	-6.478627e+00	-6.488550e+00	-1.297643e+01
4.585113642345165e-02	-6.486650e+00	-6.481539e+00	-1.296226e+01
4.585193788459238e-02	-6.491833e+00	-6.472131e+00	-1.294330e+01
4.585245444468592e-02	-6.495158e+00	-6.452678e+00	-1.290422e+01
4.585289551704208e-02	-6.497968e+00	-6.406291e+00	-1.281121e+01
4.585322798849284e-02	-6.500049e+00	-6.342080e+00	-1.268266e+01
4.585353809194626e-02	-6.501943e+00	-6.265679e+00	-1.252982e+01
4.585608255654898e-02	-6.515201e+00	-5.605057e+00	-1.120857e+01
4.585862702115170e-02	-6.524200e+00	-4.941701e+00	-9.881846e+00
4.586117148575442e-02	-6.528938e+00	-4.275609e+00	-8.549657e+00
4.586371595035713e-02	-6.529415e+00	-3.606782e+00	-7.211997e+00
4.586626041495985e-02	-6.525632e+00	-2.935220e+00	-5.868868e+00
4.586880487956257e-02	-6.517589e+00	-2.260923e+00	-4.520269e+00
4.587134934416529e-02	-6.505286e+00	-1.583891e+00	-3.166199e+00
4.588907849957147e-02	-6.357114e+00	3.172779e+00	6.347178e+00
4.590050737641970e-02	-6.196781e+00	5.710611e+00	1.142286e+01
4.590831330561597e-02	-6.056470e+00	6.488490e+00	1.297863e+01
4.595117795025243e-02	-5.263536e+00	6.495599e+00	1.299285e+01
4.599404259488888e-02	-4.499979e+00	6.500989e+00	1.300363e+01
4.603690723952534e-02	-3.765801e+00	6.504659e+00	1.301097e+01
4.607977188416180e-02	-3.061000e+00	6.506610e+00	1.301487e+01
4.612263652879826e-02	-2.385578e+00	6.506840e+00	1.301533e+01
4.616550117343471e-02	-1.739534e+00	6.505351e+00	1.301235e+01
4.620836581807117e-02	-1.122868e+00	6.502143e+00	1.300593e+01
4.625719394307116e-02	-4.494270e-01	6.502142e+00	1.300593e+01
4.630602206807116e-02	1.919152e-01	6.502142e+00	1.300593e+01
4.635485019307116e-02	8.026882e-01	6.502142e+00	1.300593e+01
4.640367831807116e-02	1.384349e+00	6.502142e+00	1.300593e+01
4.645250644307115e-02	1.938285e+00	6.502142e+00	1.300593e+01
4.650133456807115e-02	2.465818e+00	6.502142e+00	1.300593e+01
4.655016269307115e-02	2.968207e+00	6.502142e+00	1.300593e+01
4.659899081807115e-02	3.446649e+00	6.502141e+00	1.300593e+01
4.664781894307114e-02	3.902287e+00	6.502141e+00	1.300593e+01
4.674547519307114e-02	4.749445e+00	6.502141e+00	1.300593e+01
4.684313144307113e-02	5.517768e+00	6.502141e+00	1.300593e+01
4.694689120869613e-02	6.259733e+00	6.502119e+00	1.300588e+01
4.695909823994613e-02	6.341590e+00	6.501989e+00	1.300561e+01
4.696214999775863e-02	6.361918e+00	6.501822e+00	1.300526e+01
4.696825351338363e-02	6.402305e+00	6.500743e+00	1.300301e+01
4.697331680603596e-02	6.435631e+00	6.497804e+00	1.299695e+01
4.697902892473445e-02	6.473026e+00	6.490924e+00	1.298285e+01
4.698065299799803e-02	6.483575e+00	6.483932e+00	1.296869e+01
4.698168586038080e-02	6.490263e+00	6.474386e+00	1.294944e+01
4.698233345015543e-02	6.494435e+00	6.453845e+00	1.290814e+01
4.698279772271958e-02	6.497396e+00	6.406462e+00	1.281313e+01
4.698316816191878e-02	6.499712e+00	6.332135e+00	1.266432e+01
4.698347807726421e-02	6.501598e+00	6.251159e+00	1.250232e+01
4.698571350225307e-02	6.513347e+00	5.633733e+00	1.126747e+01
4.698794892724192e-02	6.521647e+00	5.016296e+00	1.003259e+01
4.699018435223078e-02	6.526498e+00	4.398848e+00	8.797694e+00
4.699241977721964e-02	6.527901e+00	3.781388e+00	7.562776e+00
4.699465520220850e-02	6.525855e+00	3.163918e+00	6.327835e+00
4.699689062719735e-02	6.520360e+00	2.546436e+00	5.092872e+00
4.699912605218621e-02	6.511417e+00	1.928944e+00	3.857888e+00
4.701445159171685e-02	6.398546e+00	-2.302098e+00	-4.604197e+00
4.702598530992171e-02	6.249854e+00	-5.121026e+00	-1.024205e+01
4.703416925059690e-02	6.110734e+00	-6.488136e+00	-1.297627e+01
4.707989542123121e-02	5.263840e+00	-6.495723e+00	-1.299145e+01
4.712562159186551e-02	4.450243e+00	-6.501471e+00	-1.300294e+01
4.717134776249982e-02	3.669945e+00	-6.505380e+00	-1.301076e+01
4.721707393313412e-02	2.922944e+00	-6.507450e+00	-1.301490e+01
4.726280010376843e-02	2.209241e+00	-6.507682e+00	-1.301536e+01
4.730852627440274e-02	1.528837e+00	-6.506075e+00	-1.301215e+01
4.735425244503705e-02	8.817296e-01	-6.502628e+00	-1.300526e+01
4.740308057003705e-02	2.197401e-01	-6.502583e+00	-1.300517e+01
4.745190869503704e-02	-4.106916e-01	-6.502540e+00	-1.300508e+01
4.750073682003704e-02	-1.011070e+00	-6.502499e+00	-1.300500e+01
4.754956494503704e-02	-1.582828e+00	-6.502460e+00	-1.300492e+01
4.759839307003703e-02	-2.127329e+00	-6.502422e+00	-1.300484e+01
4.764722119503703e-02	-2.645873e+00	-6.502386e+00	-1.300477e+01
4.769604932003703e-02	-3.139697e+00	-6.502351e+00	-1.300470e+01
4.774487744503703e-02	-3.609980e+00	-6.502319e+00	-1.300464e+01
4.779370557003702e-02	-4.057845e+00	-6.502288e+00	-1.300458e+01
4.789136182003702e-02	-4.890540e+00	-6.502229e+00	-1.300446e+01
4.798901807003701e-02	-5.645736e+00	-6.502176e+00	-1.300435e+01
4.808667432003701e-02	-6.334056e+00	-6.501903e+00	-1.300379e+01
4.809277783566201e-02	-6.375031e+00	-6.501340e+00	-1.300262e+01
4.810199591473757e-02	-6.435892e+00	-6.498990e+00	-1.299774e+01
4.810656396881589e-02	-6.465783e+00	-6.493759e+00	-1.298701e+01
4.810907330892239e-02	-6.482104e+00	-6.485074e+00	-1.296941e+01
4.811040153500369e-02	-6.490715e+00	-6.476519e+00	-1.295213e+01
4.811059658855772e-02	-6.491974e+00	-6.473396e+00	-1.294584e+01
4.811098669566578e-02	-6.494486e+00	-6.462344e+00	-1.292362e+01
4.811133402313404e-02	-6.496709e+00	-6.435757e+00	-1.287027e+01
4.811173444978263e-02	-6.499242e+00	-6.373725e+00	-1.274599e+01
4.811195996018274e-02	-6.500640e+00	-6.323472e+00	-1.264541e+01
4.811269369047255e-02	-6.505002e+00	-6.134156e+00	-1.226677e+01
4.811342742076236e-02	-6.509010e+00	-5.944388e+00	-1.188723e+01
4.811416115105216e-02	-6.512664e+00	-5.754168e+00	-1.150678e+01
4.811489488134196e-02	-6.515965e+00	-5.563495e+00	-1.112543e+01
4.811562861163177e-02	-6.518912e+00	-5.372370e+00	-1.074318e+01
4.811636234192158e-02	-6.521506e+00	-5.180793e+00	-1.036003e+01
4.811709607221138e-02	-6.523746e+00	-4.988763e+00	-9.975971e+00
4.812196888822960e-02	-6.529645e+00	-3.711011e+00	-7.420457e+00
4.813171452026605e-02	-6.494525e+00	-1.125793e+00	-2.250001e+00
4.815120578433895e-02	-6.309694e+00	3.879361e+00	7.760347e+00
4.816269951021008e-02	-6.142820e+00	6.460057e+00	1.292176e+01
4.816299586997434e-02	-6.137485e+00	6.491141e+00	1.298393e+01
4.817506058379355e-02	-5.908483e+00	6.497823e+00	1.299729e+01
4.818712529761276e-02	-5.682392e+00	6.502802e+00	1.300725e+01
4.819919001143197e-02	-5.459214e+00	6.506077e+00	1.301380e+01
4.821125472525118e-02	-5.238947e+00	6.507649e+00	1.301695e+01
4.822331943907039e-02	-5.021592e+00	6.507517e+00	1.301668e+01
4.823538415288960e-02	-4.807149e+00	6.505682e+00	1.301301e+01
4.824744886670881e-02	-4.595618e+00	6.502144e+00	1.300593e+01
4.829627699170881e-02	-3.758509e+00	6.502144e+00	1.300593e+01
4.834510511670881e-02	-2.959441e+00	6.502143e+00	1.300593e+01
4.839393324170881e-02	-2.198460e+00	6.502143e+00	1.300593e+01
4.844276136670880e-02	-1.473751e+00	6.502143e+00	1.300593e+01
4.849158949170880e-02	-7.835854e-01	6.502143e+00	1.300593e+01
4.854041761670880e-02	-1.263157e-01	6.502142e+00	1.300593e+01
4.858924574170879e-02	4.996256e-01	6.502142e+00	1.300593e+01
4.863807386670879e-02	1.095732e+00	6.502142e+00	1.300593e+01
4.868690199170879e-02	1.663425e+00	6.502142e+00	1.300593e+01
4.873573011670879e-02	2.204059e+00	6.502142e+00	1.300593e+01
4.878455824170878e-02	2.718924e+00	6.502141e+00	1.300593e+01
4.883338636670878e-02	3.209249e+00	6.502141e+00	1.300593e+01
4.888221449170878e-02	3.676202e+00	6.502141e+00	1.300593e+01
4.893104261670878e-02	4.120898e+00	6.502141e+00	1.300593e+01
4.902869886670877e-02	4.947712e+00	6.502141e+00	1.300593e+01
4.912635511670876e-02	5.697586e+00	6.502141e+00	1.300593e+01
4.917518324170876e-02	6.045926e+00	6.501982e+00	1.300560e+01
4.922401136670876e-02	6.381476e+00	6.501453e+00	1.300450e+01
4.922542033273657e-02	6.390910e+00	6.501337e+00	1.300426e+01
4.922823826479219e-02	6.409492e+00	6.500500e+00	1.300251e+01
4.923387412890343e-02	6.446476e+00	6.494703e+00	1.299064e+01
4.924003865491072e-02	6.486709e+00	6.480655e+00	1.296207e+01
4.924085723032567e-02	6.491997e+00	6.469150e+00	1.293890e+01
4.924124344599302e-02	6.494481e+00	6.452929e+00	1.290630e+01
4.924160320735797e-02	6.496774e+00	6.413122e+00	1.282646e+01
4.924193175063792e-02	6.498834e+00	6.347414e+00	1.269488e+01
4.924220655693248e-02	6.500517e+00	6.276603e+00	1.255321e+01
4.924393697692538e-02	6.510006e+00	5.798850e+00	1.159770e+01
4.924566739691828e-02	6.517421e+00	5.321028e+00	1.064205e+01
4.924739781691118e-02	6.522763e+00	4.843138e+00	9.686274e+00
4.924912823690409e-02	6.526032e+00	4.365180e+00	8.730356e+00
4.925085865689699e-02	6.527227e+00	3.887153e+00	7.774303e+00
4.925258907688989e-02	6.526350e+00	3.409058e+00	6.818114e+00
4.925431949688279e-02	6.523398e+00	2.930895e+00	5.861789e+00
4.926615650235511e-02	6.450241e+00	-2.712528e-01	-5.425059e-01
4.928983051329976e-02	6.174253e+00	-6.427148e+00	-1.285430e+01
4.929023739324105e-02	6.167665e+00	-6.482385e+00	-1.296477e+01
4.929681437611649e-02	6.042000e+00	-6.493744e+00	-1.298749e+01
4.930339135899194e-02	5.917312e+00	-6.502294e+00	-1.300459e+01
4.930996834186738e-02	5.793601e+00	-6.508037e+00	-1.301607e+01
4.931654532474282e-02	5.670867e+00	-6.510972e+00	-1.302194e+01
4.932312230761826e-02	5.549110e+00	-6.511098e+00	-1.302220e+01
4.932969929049370e-02	5.428329e+00	-6.508416e+00	-1.301683e+01
4.933627627336915e-02	5.308526e+00	-6.502926e+00	-1.300585e+01
4.937619786768884e-02	4.596703e+00	-6.502879e+00	-1.300576e+01
4.942502599268884e-02	3.759477e+00	-6.502822e+00	-1.300565e+01
4.947385411768884e-02	2.960302e+00	-6.502769e+00	-1.300554e+01
4.952268224268883e-02	2.199225e+00	-6.502717e+00	-1.300544e+01
4.957151036768883e-02	1.474429e+00	-6.502668e+00	-1.300534e+01
4.962033849268883e-02	7.841846e-01	-6.502622e+00	-1.300524e+01
4.966916661768882e-02	1.268451e-01	-6.502577e+00	-1.300515e+01
4.971799474268882e-02	-4.991582e-01	-6.502534e+00	-1.300507e+01
4.976682286768882e-02	-1.095319e+00	-6.502493e+00	-1.300499e+01
4.981565099268882e-02	-1.663060e+00	-6.502454e+00	-1.300491e+01
4.986447911768881e-02	-2.203737e+00	-6.502417e+00	-1.300483e+01
4.991330724268881e-02	-2.718638e+00	-6.502381e+00	-1.300476e+01
4.996213536768881e-02	-3.210281e+00	-6.502347e+00	-1.300469e+01
5.000000000000000e-02	-3.578694e+00	-6.502321e+00	-1.300464e+01
