time	V(vi)	V(vo)
0.000000000000000e+00	0.000000e+00	7.850922e-03
6.853920521328121e-08	8.612890e-05	7.847752e-03
1.370784104265624e-07	1.722578e-04	7.799357e-03
2.056176156398436e-07	2.583867e-04	7.705735e-03
2.741568208531248e-07	3.445156e-04	7.566888e-03
3.426960260664060e-07	4.306445e-04	7.382814e-03
4.112352312796872e-07	5.167734e-04	7.153514e-03
4.797744364929683e-07	6.029023e-04	6.878989e-03
7.973332291239809e-07	1.001958e-03	4.701902e-03
1.335096400529923e-06	1.677731e-03	-2.149759e-03
1.861818957560099e-06	2.339630e-03	-1.413040e-02
2.519832618272770e-06	3.166514e-03	-4.036267e-02
3.279818678159582e-06	4.121539e-03	-9.385259e-02
4.192203272601503e-06	5.268072e-03	-2.088371e-01
5.200623263103287e-06	6.535284e-03	-4.330947e-01
6.387306743326825e-06	8.026505e-03	-8.398513e-01
7.272225653870418e-06	9.138516e-03	-1.240833e+00
8.359148860860480e-06	1.050437e-02	-1.805459e+00
1.664774703334134e-05	2.091979e-02	-6.317527e+00
2.467344179162556e-05	3.100432e-02	-1.032001e+01
3.138906970405043e-05	3.944211e-02	-1.295987e+01
3.889502179371328e-05	4.887241e-02	-1.298654e+01
4.640097388337614e-05	5.830115e-02	-1.300648e+01
5.390692597303900e-05	6.772834e-02	-1.301968e+01
6.141287806270187e-05	7.715398e-02	-1.302615e+01
6.891883015236472e-05	8.657807e-02	-1.302588e+01
7.642478224202758e-05	9.600061e-02	-1.301888e+01
8.393073433169042e-05	1.054216e-01	-1.300514e+01
2.272392420049322e-04	2.845880e-01	-1.300516e+01
4.225517420049322e-04	5.247779e-01	-1.300519e+01
6.178642420049321e-04	7.570747e-01	-1.300523e+01
8.131767420049321e-04	9.779844e-01	-1.300526e+01
1.008489242004932e-03	1.184184e+00	-1.300528e+01
1.203801742004932e-03	1.372573e+00	-1.300531e+01
1.399114242004932e-03	1.540317e+00	-1.300533e+01
1.594426742004933e-03	1.684893e+00	-1.300535e+01
1.789739242004933e-03	1.804127e+00	-1.300537e+01
1.985051742004933e-03	1.896224e+00	-1.300538e+01
2.180364242004933e-03	1.959801e+00	-1.300539e+01
2.375676742004933e-03	1.993901e+00	-1.300539e+01
2.570989242004934e-03	1.998011e+00	-1.300539e+01
2.766301742004934e-03	1.972069e+00	-1.300539e+01
2.961614242004934e-03	1.916464e+00	-1.300538e+01
3.156926742004934e-03	1.832035e+00	-1.300537e+01
3.352239242004934e-03	1.720050e+00	-1.300536e+01
3.547551742004934e-03	1.582194e+00	-1.300534e+01
3.742864242004935e-03	1.420540e+00	-1.300532e+01
3.938176742004935e-03	1.237520e+00	-1.300529e+01
4.133489242004934e-03	1.035886e+00	-1.300526e+01
4.328801742004933e-03	8.186722e-01	-1.300524e+01
4.524114242004933e-03	5.891444e-01	-1.300520e+01
4.719426742004932e-03	3.507554e-01	-1.300517e+01
4.914739242004931e-03	1.070906e-01	-1.300514e+01
5.110051742004931e-03	-1.381849e-01	-1.300511e+01
5.305364242004930e-03	-3.813820e-01	-1.300507e+01
5.500676742004929e-03	-6.188427e-01	-1.300504e+01
5.695989242004929e-03	-8.469955e-01	-1.300500e+01
5.793645492004928e-03	-9.565021e-01	-1.300465e+01
5.891301742004928e-03	-1.062409e+00	-1.300095e+01
5.950744828115743e-03	-1.124941e+00	-1.299363e+01
5.965669341247938e-03	-1.140398e+00	-1.298620e+01
5.994427492315022e-03	-1.169898e+00	-1.295369e+01
5.995632957788817e-03	-1.171126e+00	-1.295623e+01
5.996838423262612e-03	-1.172354e+00	-1.295410e+01
5.998043888736407e-03	-1.173581e+00	-1.294732e+01
5.999249354210203e-03	-1.174807e+00	-1.293588e+01
6.000454819683997e-03	-1.176033e+00	-1.291979e+01
6.001660285157793e-03	-1.177258e+00	-1.289904e+01
6.002865750631588e-03	-1.178482e+00	-1.287363e+01
6.003849324569971e-03	-1.179480e+00	-1.280903e+01
6.004932373977326e-03	-1.180579e+00	-1.266101e+01
6.006069595470012e-03	-1.181733e+00	-1.238831e+01
6.006992122703602e-03	-1.182668e+00	-1.205537e+01
6.007876936750436e-03	-1.183564e+00	-1.164518e+01
6.008926513241391e-03	-1.184627e+00	-1.110100e+01
6.013455535167811e-03	-1.189208e+00	-8.643222e+00
6.017984557094231e-03	-1.193779e+00	-6.182174e+00
6.022513579020651e-03	-1.198340e+00	-3.717855e+00
6.027042600947071e-03	-1.202892e+00	-1.250264e+00
6.031571622873491e-03	-1.207434e+00	1.220599e+00
6.036100644799910e-03	-1.211966e+00	3.694733e+00
6.040629666726331e-03	-1.216489e+00	6.172139e+00
6.051380190319008e-03	-1.227184e+00	1.109845e+01
6.059107952228506e-03	-1.234838e+00	1.293959e+01
6.060351298408752e-03	-1.236066e+00	1.300566e+01
6.222240458224609e-03	-1.392227e+00	1.300548e+01
6.384129618040466e-03	-1.530952e+00	1.300534e+01
6.546018777856323e-03	-1.652242e+00	1.300525e+01
6.707907937672179e-03	-1.756096e+00	1.300519e+01
6.869797097488036e-03	-1.842515e+00	1.300518e+01
7.031686257303893e-03	-1.911498e+00	1.300521e+01
7.193575417119750e-03	-1.963046e+00	1.300528e+01
7.388887917119749e-03	-1.995128e+00	1.300528e+01
7.584200417119749e-03	-1.997202e+00	1.300528e+01
7.779512917119748e-03	-1.969236e+00	1.300528e+01
7.974825417119748e-03	-1.911651e+00	1.300528e+01
8.170137917119747e-03	-1.825312e+00	1.300528e+01
8.365450417119747e-03	-1.711520e+00	1.300528e+01
8.560762917119746e-03	-1.571984e+00	1.300528e+01
8.756075417119745e-03	-1.408805e+00	1.300528e+01
8.951387917119745e-03	-1.224436e+00	1.300528e+01
9.146700417119744e-03	-1.021650e+00	1.300528e+01
9.342012917119743e-03	-8.034971e-01	1.300528e+01
9.537325417119743e-03	-5.732593e-01	1.300528e+01
9.732637917119742e-03	-3.343991e-01	1.300528e+01
9.927950417119741e-03	-9.050925e-02	1.300528e+01
1.012326291711974e-02	1.547419e-01	1.300528e+01
1.031857541711974e-02	3.976657e-01	1.300528e+01
1.051388791711974e-02	6.346081e-01	1.300528e+01
1.070920041711974e-02	8.620055e-01	1.300527e+01
1.080685666711974e-02	9.710490e-01	1.300467e+01
1.090451291711974e-02	1.076438e+00	1.300255e+01
1.091541811944667e-02	1.087962e+00	1.300155e+01
1.093722852410054e-02	1.110857e+00	1.299537e+01
1.098273505936136e-02	1.157949e+00	1.297240e+01
1.098519070404450e-02	1.160464e+00	1.297447e+01
1.098764634872763e-02	1.162976e+00	1.297301e+01
1.099010199341076e-02	1.165485e+00	1.296803e+01
1.099255763809390e-02	1.167992e+00	1.295953e+01
1.099501328277703e-02	1.170495e+00	1.294750e+01
1.099746892746016e-02	1.172996e+00	1.293195e+01
1.099992457214330e-02	1.175494e+00	1.291288e+01
1.100121090061421e-02	1.176801e+00	1.288270e+01
1.100222848787768e-02	1.177835e+00	1.282429e+01
1.100339087121780e-02	1.179015e+00	1.268107e+01
1.100445046918272e-02	1.180090e+00	1.244023e+01
1.100551582470935e-02	1.181171e+00	1.206517e+01
1.100638679489490e-02	1.182054e+00	1.166424e+01
1.100746120973802e-02	1.183143e+00	1.110243e+01
1.101186424712252e-02	1.187599e+00	8.689487e+00
1.101626728450702e-02	1.192047e+00	6.275780e+00
1.102067032189151e-02	1.196485e+00	3.861312e+00
1.102507335927601e-02	1.200914e+00	1.446083e+00
1.102947639666051e-02	1.205334e+00	-9.699077e-01
1.103387943404501e-02	1.209745e+00	-3.386659e+00
1.103828247142950e-02	1.214146e+00	-5.804172e+00
1.104906724535336e-02	1.224888e+00	-1.084968e+01
1.105687921391695e-02	1.232633e+00	-1.291265e+01
1.105817067936783e-02	1.233911e+00	-1.300401e+01
1.122030844009692e-02	1.390497e+00	-1.300463e+01
1.138244620082600e-02	1.529603e+00	-1.300511e+01
1.154458396155509e-02	1.651229e+00	-1.300545e+01
1.170672172228417e-02	1.755376e+00	-1.300565e+01
1.186885948301326e-02	1.842044e+00	-1.300570e+01
1.203099724374235e-02	1.911231e+00	-1.300562e+01
1.219313500447143e-02	1.962940e+00	-1.300539e+01
1.238844750447143e-02	1.995089e+00	-1.300539e+01
1.258376000447143e-02	1.997231e+00	-1.300539e+01
1.277907250447143e-02	1.969332e+00	-1.300539e+01
1.297438500447143e-02	1.911813e+00	-1.300538e+01
1.316969750447143e-02	1.825539e+00	-1.300537e+01
1.336501000447143e-02	1.711806e+00	-1.300536e+01
1.356032250447143e-02	1.572326e+00	-1.300534e+01
1.375563500447143e-02	1.409198e+00	-1.300531e+01
1.395094750447143e-02	1.224873e+00	-1.300529e+01
1.414626000447143e-02	1.022125e+00	-1.300526e+01
1.434157250447143e-02	8.040039e-01	-1.300523e+01
1.453688500447142e-02	5.737895e-01	-1.300520e+01
1.473219750447142e-02	3.349448e-01	-1.300517e+01
1.492751000447142e-02	9.106212e-02	-1.300514e+01
1.512282250447142e-02	-1.541902e-01	-1.300510e+01
1.531813500447142e-02	-3.971233e-01	-1.300507e+01
1.551344750447142e-02	-6.340833e-01	-1.300504e+01
1.570876000447142e-02	-8.615061e-01	-1.300500e+01
1.580641625447142e-02	-9.705651e-01	-1.300443e+01
1.590407250447142e-02	-1.075971e+00	-1.300240e+01
1.591627953572142e-02	-1.088870e+00	-1.300128e+01
1.594069359822142e-02	-1.114475e+00	-1.299322e+01
1.599185685693788e-02	-1.167277e+00	-1.295987e+01
1.599336557892070e-02	-1.168815e+00	-1.296368e+01
1.599487430090352e-02	-1.170353e+00	-1.296280e+01
1.599638302288634e-02	-1.171890e+00	-1.295723e+01
1.599789174486916e-02	-1.173426e+00	-1.294698e+01
1.599940046685198e-02	-1.174961e+00	-1.293203e+01
1.600090918883480e-02	-1.176495e+00	-1.291239e+01
1.600241791081762e-02	-1.178027e+00	-1.288807e+01
1.600349043635912e-02	-1.179116e+00	-1.283372e+01
1.600462607579900e-02	-1.180269e+00	-1.270801e+01
1.600568727230170e-02	-1.181345e+00	-1.247937e+01
1.600699051390652e-02	-1.182666e+00	-1.203305e+01
1.600790279068566e-02	-1.183590e+00	-1.161853e+01
1.600902030307253e-02	-1.184722e+00	-1.103726e+01
1.601355986807899e-02	-1.189313e+00	-8.573154e+00
1.601809943308545e-02	-1.193895e+00	-6.105905e+00
1.602263899809191e-02	-1.198466e+00	-3.635519e+00
1.602717856309837e-02	-1.203028e+00	-1.161995e+00
1.603171812810483e-02	-1.207581e+00	1.314667e+00
1.603625769311129e-02	-1.212123e+00	3.794466e+00
1.604079725811774e-02	-1.216656e+00	6.277403e+00
1.605142160561293e-02	-1.227225e+00	1.113391e+01
1.605910401730340e-02	-1.234834e+00	1.294248e+01
1.606033496749582e-02	-1.236050e+00	1.300578e+01
1.622200099953086e-02	-1.392000e+00	1.300555e+01
1.638366703156589e-02	-1.530568e+00	1.300537e+01
1.654533306360093e-02	-1.651753e+00	1.300524e+01
1.670699909563597e-02	-1.755555e+00	1.300517e+01
1.686866512767100e-02	-1.841975e+00	1.300515e+01
1.703033115970604e-02	-1.911011e+00	1.300519e+01
1.719199719174107e-02	-1.962665e+00	1.300528e+01
1.738730969174108e-02	-1.994989e+00	1.300528e+01
1.758262219174108e-02	-1.997306e+00	1.300528e+01
1.777793469174108e-02	-1.969581e+00	1.300528e+01
1.797324719174109e-02	-1.912233e+00	1.300528e+01
1.816855969174109e-02	-1.826122e+00	1.300528e+01
1.836387219174109e-02	-1.712545e+00	1.300528e+01
1.855918469174109e-02	-1.573210e+00	1.300528e+01
1.875449719174110e-02	-1.410212e+00	1.300528e+01
1.894980969174110e-02	-1.226003e+00	1.300528e+01
1.914512219174110e-02	-1.023354e+00	1.300528e+01
1.934043469174111e-02	-8.053129e-01	1.300528e+01
1.953574719174111e-02	-5.751591e-01	1.300528e+01
1.973105969174111e-02	-3.363543e-01	1.300528e+01
1.992637219174111e-02	-9.249043e-02	1.300528e+01
2.012168469174112e-02	1.527646e-01	1.300528e+01
2.031699719174112e-02	3.957218e-01	1.300528e+01
2.051230969174112e-02	6.327271e-01	1.300528e+01
2.070762219174112e-02	8.602155e-01	1.300527e+01
2.080527844174113e-02	9.693146e-01	1.300470e+01
2.090293469174113e-02	1.074766e+00	1.300265e+01
2.091514172299113e-02	1.087670e+00	1.300151e+01
2.093955578549113e-02	1.113288e+00	1.299335e+01
2.099067843539487e-02	1.166074e+00	1.295964e+01
2.099215763370119e-02	1.167583e+00	1.296334e+01
2.099363683200751e-02	1.169092e+00	1.296239e+01
2.099511603031383e-02	1.170600e+00	1.295681e+01
2.099659522862014e-02	1.172106e+00	1.294659e+01
2.099807442692646e-02	1.173612e+00	1.293174e+01
2.099955362523278e-02	1.175117e+00	1.291225e+01
2.100103282353910e-02	1.176620e+00	1.288812e+01
2.100209492430524e-02	1.177699e+00	1.283385e+01
2.100322392410200e-02	1.178846e+00	1.270794e+01
2.100427619521697e-02	1.179914e+00	1.247902e+01
2.100558200491367e-02	1.181238e+00	1.202693e+01
2.100648808885525e-02	1.182157e+00	1.161054e+01
2.100759887791531e-02	1.183282e+00	1.102608e+01
2.103920522819745e-02	1.215068e+00	-6.312370e+00
2.104980102346957e-02	1.225617e+00	-1.116013e+01
2.105747002281876e-02	1.233218e+00	-1.294549e+01
2.105869328675246e-02	1.234428e+00	-1.300598e+01
2.122022096613047e-02	1.390388e+00	-1.300568e+01
2.138174864550848e-02	1.529010e+00	-1.300545e+01
2.154327632488649e-02	1.650292e+00	-1.300529e+01
2.170480400426450e-02	1.754236e+00	-1.300521e+01
2.186633168364251e-02	1.840840e+00	-1.300520e+01
2.202785936302052e-02	1.910106e+00	-1.300526e+01
2.218938704239853e-02	1.962032e+00	-1.300539e+01
2.238469954239854e-02	1.994754e+00	-1.300539e+01
2.258001204239854e-02	1.997473e+00	-1.300539e+01
2.277532454239854e-02	1.970148e+00	-1.300539e+01
2.297063704239855e-02	1.913191e+00	-1.300538e+01
2.316594954239855e-02	1.827457e+00	-1.300537e+01
2.336126204239855e-02	1.714237e+00	-1.300536e+01
2.355657454239855e-02	1.575233e+00	-1.300534e+01
2.375188704239856e-02	1.412536e+00	-1.300532e+01
2.394719954239856e-02	1.228593e+00	-1.300529e+01
2.414251204239856e-02	1.026171e+00	-1.300526e+01
2.433782454239856e-02	8.083141e-01	-1.300523e+01
2.453313704239857e-02	5.782997e-01	-1.300520e+01
2.472844954239857e-02	3.395871e-01	-1.300517e+01
2.492376204239857e-02	9.576681e-02	-1.300514e+01
2.511907454239858e-02	-1.494939e-01	-1.300510e+01
2.531438704239858e-02	-3.925061e-01	-1.300507e+01
2.550969954239858e-02	-6.296147e-01	-1.300504e+01
2.570501204239858e-02	-8.572533e-01	-1.300500e+01
2.580266829239859e-02	-9.664443e-01	-1.300450e+01
2.590032454239859e-02	-1.071998e+00	-1.299951e+01
2.595984881238317e-02	-1.134381e+00	-1.298979e+01
2.597384407887134e-02	-1.148822e+00	-1.298022e+01
2.597773652538799e-02	-1.152822e+00	-1.298659e+01
2.598162897190463e-02	-1.156816e+00	-1.298775e+01
2.598552141842127e-02	-1.160803e+00	-1.298369e+01
2.598941386493792e-02	-1.164782e+00	-1.297441e+01
2.599330631145456e-02	-1.168755e+00	-1.295992e+01
2.599719875797121e-02	-1.172721e+00	-1.294021e+01
2.600109120448785e-02	-1.176680e+00	-1.291529e+01
2.600248686423289e-02	-1.178097e+00	-1.288590e+01
2.600353694096080e-02	-1.179163e+00	-1.283284e+01
2.600458212186538e-02	-1.180224e+00	-1.271762e+01
2.600567585366880e-02	-1.181333e+00	-1.248219e+01
2.600705078321080e-02	-1.182727e+00	-1.201049e+01
2.600798765963028e-02	-1.183676e+00	-1.158282e+01
2.600911140483007e-02	-1.184814e+00	-1.099621e+01
2.601346873205800e-02	-1.189221e+00	-8.630818e+00
2.601782605928593e-02	-1.193619e+00	-6.262554e+00
2.602218338651386e-02	-1.198008e+00	-3.891419e+00
2.602654071374178e-02	-1.202388e+00	-1.517412e+00
2.603089804096971e-02	-1.206759e+00	8.594648e-01
2.603525536819764e-02	-1.211121e+00	3.239213e+00
2.603961269542557e-02	-1.215474e+00	5.621832e+00
2.605026369597437e-02	-1.226076e+00	1.065919e+01
2.605809178608313e-02	-1.233833e+00	1.288880e+01
2.605942092377716e-02	-1.235147e+00	1.300248e+01
2.622950884761965e-02	-1.399167e+00	1.300379e+01
2.639959677146214e-02	-1.543763e+00	1.300481e+01
2.656968469530463e-02	-1.668935e+00	1.300551e+01
2.673977261914712e-02	-1.774683e+00	1.300591e+01
2.690986054298962e-02	-1.861007e+00	1.300601e+01
2.707994846683211e-02	-1.927908e+00	1.300580e+01
2.725003639067460e-02	-1.975384e+00	1.300528e+01
2.744534889067460e-02	-1.998821e+00	1.300528e+01
2.764066139067460e-02	-1.992194e+00	1.300528e+01
2.783597389067461e-02	-1.955603e+00	1.300528e+01
2.803128639067461e-02	-1.889597e+00	1.300528e+01
2.822659889067461e-02	-1.795170e+00	1.300528e+01
2.842191139067462e-02	-1.673743e+00	1.300528e+01
2.861722389067462e-02	-1.527140e+00	1.300528e+01
2.881253639067462e-02	-1.357568e+00	1.300528e+01
2.900784889067462e-02	-1.167577e+00	1.300528e+01
2.920316139067463e-02	-9.600241e-01	1.300528e+01
2.939847389067463e-02	-7.380319e-01	1.300528e+01
2.959378639067463e-02	-5.049389e-01	1.300528e+01
2.978909889067463e-02	-2.642512e-01	1.300528e+01
2.998441139067464e-02	-1.958891e-02	1.300528e+01
3.017972389067464e-02	2.253680e-01	1.300528e+01
3.037503639067464e-02	4.669352e-01	1.300528e+01
3.057034889067465e-02	7.014793e-01	1.300528e+01
3.076566139067465e-02	9.254724e-01	1.300516e+01
3.086331764067465e-02	1.032452e+00	1.300356e+01
3.092476447888226e-02	1.097798e+00	1.300015e+01
3.094266991820898e-02	1.116536e+00	1.299576e+01
3.097129121899959e-02	1.146194e+00	1.298283e+01
3.098790705490876e-02	1.163242e+00	1.296275e+01
3.098985010030816e-02	1.165228e+00	1.297508e+01
3.099179314570756e-02	1.167211e+00	1.297886e+01
3.099373619110696e-02	1.169193e+00	1.297408e+01
3.099567923650637e-02	1.171174e+00	1.296076e+01
3.099762228190577e-02	1.173152e+00	1.293888e+01
3.099956532730517e-02	1.175129e+00	1.290846e+01
3.100150837270458e-02	1.177103e+00	1.286948e+01
3.100248086269764e-02	1.178091e+00	1.280068e+01
3.100355773704312e-02	1.179185e+00	1.264349e+01
3.100471777869078e-02	1.180362e+00	1.235142e+01
3.100557045268750e-02	1.181226e+00	1.203249e+01
3.100645740818746e-02	1.182126e+00	1.161122e+01
3.100748661782319e-02	1.183169e+00	1.106982e+01
3.101207350671094e-02	1.187811e+00	8.555459e+00
3.101666039559869e-02	1.192444e+00	6.040486e+00
3.102124728448644e-02	1.197066e+00	3.524904e+00
3.102583417337419e-02	1.201678e+00	1.008711e+00
3.103042106226194e-02	1.206281e+00	-1.508091e+00
3.103500795114969e-02	1.210874e+00	-4.025503e+00
3.103959484003744e-02	1.215456e+00	-6.543526e+00
3.105026747446552e-02	1.226080e+00	-1.135523e+01
3.105790059920049e-02	1.233644e+00	-1.296654e+01
3.106148249964174e-02	1.237184e+00	-1.300621e+01
3.123209558247720e-02	1.401516e+00	-1.300580e+01
3.140270866531267e-02	1.546277e+00	-1.300549e+01
3.157332174814813e-02	1.671466e+00	-1.300528e+01
3.174393483098360e-02	1.777082e+00	-1.300516e+01
3.191454791381906e-02	1.863126e+00	-1.300514e+01
3.208516099665452e-02	1.929599e+00	-1.300522e+01
3.225577407948999e-02	1.976499e+00	-1.300539e+01
3.245108657948999e-02	1.999056e+00	-1.300539e+01
3.264639907949000e-02	1.991545e+00	-1.300539e+01
3.284171157949000e-02	1.954079e+00	-1.300539e+01
3.303702407949000e-02	1.887222e+00	-1.300538e+01
3.323233657949001e-02	1.791980e+00	-1.300537e+01
3.342764907949001e-02	1.669785e+00	-1.300535e+01
3.362296157949001e-02	1.522474e+00	-1.300533e+01
3.381827407949001e-02	1.352264e+00	-1.300531e+01
3.401358657949002e-02	1.161715e+00	-1.300528e+01
3.420889907949002e-02	9.536927e-01	-1.300525e+01
3.440421157949002e-02	7.313257e-01	-1.300522e+01
3.459952407949003e-02	4.979590e-01	-1.300519e+01
3.479483657949003e-02	2.571025e-01	-1.300516e+01
3.499014907949003e-02	1.237895e-02	-1.300513e+01
3.518546157949003e-02	-2.325308e-01	-1.300509e+01
3.538077407949004e-02	-4.739431e-01	-1.300506e+01
3.557608657949004e-02	-7.082268e-01	-1.300503e+01
3.577139907949004e-02	-9.318582e-01	-1.300486e+01
3.586905532949004e-02	-1.038620e+00	-1.300306e+01
3.592943494776018e-02	-1.102699e+00	-1.299929e+01
3.594706027871444e-02	-1.121109e+00	-1.299455e+01
3.597056071998679e-02	-1.145442e+00	-1.298186e+01
3.599589299447314e-02	-1.171391e+00	-1.294917e+01
3.599691639385935e-02	-1.172433e+00	-1.295106e+01
3.599793979324556e-02	-1.173475e+00	-1.294829e+01
3.599896319263177e-02	-1.174516e+00	-1.294087e+01
3.599998659201798e-02	-1.175557e+00	-1.292879e+01
3.600100999140419e-02	-1.176597e+00	-1.291206e+01
3.600203339079040e-02	-1.177637e+00	-1.289068e+01
3.600305679017660e-02	-1.178676e+00	-1.286464e+01
3.600404452825376e-02	-1.179679e+00	-1.279026e+01
3.600510434810912e-02	-1.180754e+00	-1.262599e+01
3.600632814440942e-02	-1.181995e+00	-1.230410e+01
3.600715127975660e-02	-1.182829e+00	-1.198769e+01
3.600808853722903e-02	-1.183778e+00	-1.153745e+01
3.600912715964744e-02	-1.184830e+00	-1.099283e+01
3.602814546542339e-02	-1.203999e+00	-6.425387e-01
3.604709362938575e-02	-1.222926e+00	8.860825e+00
3.605797822071186e-02	-1.233721e+00	1.296255e+01
3.606404231132357e-02	-1.239709e+00	1.298733e+01
3.607010640193528e-02	-1.245680e+00	1.300588e+01
3.607617049254699e-02	-1.251633e+00	1.301821e+01
3.608223458315869e-02	-1.257567e+00	1.302431e+01
3.608829867377040e-02	-1.263483e+00	1.302419e+01
3.609436276438211e-02	-1.269381e+00	1.301785e+01
3.610042685499382e-02	-1.275261e+00	1.300528e+01
3.631256722159657e-02	-1.468702e+00	1.300528e+01
3.650787972159657e-02	-1.623834e+00	1.300528e+01
3.670319222159658e-02	-1.754542e+00	1.300528e+01
3.689850472159658e-02	-1.858860e+00	1.300528e+01
3.709381722159658e-02	-1.935220e+00	1.300528e+01
3.728912972159659e-02	-1.982471e+00	1.300528e+01
3.748444222159659e-02	-1.999904e+00	1.300528e+01
3.767975472159659e-02	-1.987257e+00	1.300528e+01
3.787506722159659e-02	-1.944720e+00	1.300528e+01
3.807037972159660e-02	-1.872932e+00	1.300528e+01
3.826569222159660e-02	-1.772974e+00	1.300528e+01
3.846100472159660e-02	-1.646349e+00	1.300528e+01
3.865631722159660e-02	-1.494961e+00	1.300528e+01
3.885162972159661e-02	-1.321087e+00	1.300528e+01
3.904694222159661e-02	-1.127343e+00	1.300528e+01
3.924225472159661e-02	-9.166424e-01	1.300528e+01
3.943756722159662e-02	-6.921549e-01	1.300528e+01
3.963287972159662e-02	-4.572567e-01	1.300528e+01
3.982819222159662e-02	-2.154809e-01	1.300528e+01
4.012116097159663e-02	1.521083e-01	1.300528e+01
4.031647347159663e-02	3.950767e-01	1.300528e+01
4.051178597159663e-02	6.321027e-01	1.300528e+01
4.070709847159663e-02	8.596213e-01	1.300527e+01
4.080475472159664e-02	9.687389e-01	1.300471e+01
4.090241097159664e-02	1.074210e+00	1.300270e+01
4.091461800284664e-02	1.087118e+00	1.300158e+01
4.093903206534664e-02	1.112741e+00	1.299359e+01
4.099042679399125e-02	1.165817e+00	1.296013e+01
4.099189861549799e-02	1.167319e+00	1.295992e+01
4.099337043700473e-02	1.168820e+00	1.295665e+01
4.099484225851147e-02	1.170321e+00	1.295031e+01
4.099631408001822e-02	1.171820e+00	1.294090e+01
4.099778590152496e-02	1.173318e+00	1.292844e+01
4.099925772303170e-02	1.174816e+00	1.291290e+01
4.100072954453844e-02	1.176312e+00	1.289431e+01
4.100196613652669e-02	1.177568e+00	1.284139e+01
4.100300964612483e-02	1.178628e+00	1.273660e+01
4.100413565061557e-02	1.179771e+00	1.250422e+01
4.100555543263627e-02	1.181211e+00	1.202708e+01
4.100645956315557e-02	1.182128e+00	1.161543e+01
4.100760604803860e-02	1.183290e+00	1.101221e+01
4.103832062572092e-02	1.214184e+00	-5.837015e+00
4.104893830668449e-02	1.224760e+00	-1.081745e+01
4.105671360521158e-02	1.232469e+00	-1.290770e+01
4.105800404625473e-02	1.233746e+00	-1.300362e+01
4.121774402762765e-02	1.388063e+00	-1.300443e+01
4.137748400900057e-02	1.525464e+00	-1.300505e+01
4.153722399037349e-02	1.645951e+00	-1.300549e+01
4.169696397174640e-02	1.749522e+00	-1.300574e+01
4.185670395311932e-02	1.836179e+00	-1.300581e+01
4.201644393449224e-02	1.905920e+00	-1.300569e+01
4.217618391586516e-02	1.958747e+00	-1.300539e+01
4.237149641586516e-02	1.993484e+00	-1.300539e+01
4.256680891586517e-02	1.998238e+00	-1.300539e+01
4.276212141586517e-02	1.972937e+00	-1.300539e+01
4.295743391586517e-02	1.917960e+00	-1.300538e+01
4.315274641586517e-02	1.834136e+00	-1.300537e+01
4.334805891586518e-02	1.722724e+00	-1.300536e+01
4.354337141586518e-02	1.585402e+00	-1.300534e+01
4.373868391586518e-02	1.424233e+00	-1.300532e+01
4.393399641586519e-02	1.241642e+00	-1.300529e+01
4.412930891586519e-02	1.040376e+00	-1.300527e+01
4.432462141586519e-02	8.234623e-01	-1.300524e+01
4.451993391586519e-02	5.941625e-01	-1.300521e+01
4.471524641586520e-02	3.559259e-01	-1.300517e+01
4.491055891586520e-02	1.123358e-01	-1.300514e+01
4.510587141586520e-02	-1.329439e-01	-1.300511e+01
4.530118391586520e-02	-3.762239e-01	-1.300507e+01
4.549649641586521e-02	-6.138452e-01	-1.300504e+01
4.569180891586521e-02	-8.422338e-01	-1.300500e+01
4.578946516586521e-02	-9.518853e-01	-1.300471e+01
4.588712141586521e-02	-1.057954e+00	-1.300147e+01
4.594685773884117e-02	-1.120899e+00	-1.299493e+01
4.596238270803539e-02	-1.137002e+00	-1.298806e+01
4.598647607716337e-02	-1.161779e+00	-1.296872e+01
4.598871484701550e-02	-1.164068e+00	-1.297238e+01
4.599095361686763e-02	-1.166355e+00	-1.297138e+01
4.599319238671976e-02	-1.168639e+00	-1.296573e+01
4.599543115657189e-02	-1.170921e+00	-1.295542e+01
4.599766992642402e-02	-1.173200e+00	-1.294045e+01
4.599990869627615e-02	-1.175478e+00	-1.292083e+01
4.600214746612828e-02	-1.177753e+00	-1.289654e+01
4.600324030800139e-02	-1.178862e+00	-1.285393e+01
4.600423984695354e-02	-1.179877e+00	-1.276689e+01
4.600531439469625e-02	-1.180967e+00	-1.257580e+01
4.600664083655454e-02	-1.182312e+00	-1.218543e+01
4.600743638389440e-02	-1.183118e+00	-1.185411e+01
4.600855381355527e-02	-1.184250e+00	-1.129249e+01
4.601094430242695e-02	-1.186669e+00	-1.000763e+01
4.603506819083925e-02	-1.210934e+00	3.136890e+00
4.604771839630734e-02	-1.223547e+00	9.546797e+00
4.605615380668925e-02	-1.231915e+00	1.295046e+01
4.605771413619806e-02	-1.233459e+00	1.299744e+01
4.621672789035522e-02	-1.387106e+00	1.300116e+01
4.637574164451239e-02	-1.524010e+00	1.300401e+01
4.653475539866955e-02	-1.644170e+00	1.300600e+01
4.669376915282671e-02	-1.747586e+00	1.300712e+01
4.685278290698387e-02	-1.834258e+00	1.300737e+01
4.701179666114103e-02	-1.904186e+00	1.300676e+01
4.717081041529819e-02	-1.957371e+00	1.300528e+01
4.736612291529819e-02	-1.992928e+00	1.300528e+01
4.756143541529820e-02	-1.998510e+00	1.300528e+01
4.775674791529820e-02	-1.974032e+00	1.300528e+01
4.795206041529820e-02	-1.919863e+00	1.300528e+01
4.814737291529821e-02	-1.836818e+00	1.300528e+01
4.834268541529821e-02	-1.726145e+00	1.300528e+01
4.853799791529821e-02	-1.589509e+00	1.300528e+01
4.873331041529821e-02	-1.428966e+00	1.300528e+01
4.892862291529822e-02	-1.246929e+00	1.300528e+01
4.912393541529822e-02	-1.046138e+00	1.300528e+01
4.931924791529822e-02	-8.296112e-01	1.300528e+01
4.951456041529823e-02	-6.006067e-01	1.300528e+01
4.970987291529823e-02	-3.625686e-01	1.300528e+01
4.990518541529823e-02	-1.190771e-01	1.300528e+01
5.010049791529823e-02	1.262055e-01	1.300528e+01
5.029581041529824e-02	3.695898e-01	1.300528e+01
5.049112291529824e-02	6.074151e-01	1.300528e+01
5.068643541529824e-02	8.361044e-01	1.300527e+01
5.078409166529824e-02	9.459413e-01	1.300503e+01
5.088174791529824e-02	1.052218e+00	1.300218e+01
5.094127890532293e-02	1.115086e+00	1.299645e+01
5.095703222487880e-02	1.131465e+00	1.299034e+01
5.098207921800552e-02	1.157277e+00	1.297270e+01
5.098480059832589e-02	1.160065e+00	1.297905e+01
5.098752197864627e-02	1.162849e+00	1.297910e+01
5.099024335896664e-02	1.165629e+00	1.297285e+01
5.099296473928701e-02	1.168407e+00	1.296029e+01
5.099568611960738e-02	1.171181e+00	1.294143e+01
5.099840749992775e-02	1.173951e+00	1.291627e+01
5.100112888024812e-02	1.176718e+00	1.288480e+01
5.100216575913401e-02	1.177771e+00	1.283067e+01
5.100320812481163e-02	1.178830e+00	1.271231e+01
5.100429798968346e-02	1.179936e+00	1.247347e+01
5.100560993944765e-02	1.181266e+00	1.201760e+01
5.100652889135592e-02	1.182198e+00	1.159364e+01
5.100763736670873e-02	1.183321e+00	1.100947e+01
5.103911715586686e-02	1.214980e+00	-6.259835e+00
5.104968093216402e-02	1.225497e+00	-1.111083e+01
5.105735536890944e-02	1.233104e+00	-1.293997e+01
5.105858591980463e-02	1.234321e+00	-1.300562e+01
5.122024476448940e-02	1.390416e+00	-1.300549e+01
5.138190360917417e-02	1.529142e+00	-1.300539e+01
5.154356245385894e-02	1.650498e+00	-1.300532e+01
5.170522129854370e-02	1.754484e+00	-1.300529e+01
5.186688014322847e-02	1.841102e+00	-1.300529e+01
5.202853898791324e-02	1.910350e+00	-1.300532e+01
5.219019783259801e-02	1.962229e+00	-1.300539e+01
5.238551033259801e-02	1.994827e+00	-1.300539e+01
5.258082283259801e-02	1.997422e+00	-1.300539e+01
5.277613533259801e-02	1.969973e+00	-1.300539e+01
5.297144783259802e-02	1.912894e+00	-1.300538e+01
5.316676033259802e-02	1.827043e+00	-1.300537e+01
5.336207283259802e-02	1.713712e+00	-1.300536e+01
5.355738533259802e-02	1.574605e+00	-1.300534e+01
5.375269783259803e-02	1.411814e+00	-1.300532e+01
5.394801033259803e-02	1.227789e+00	-1.300529e+01
5.414332283259803e-02	1.025296e+00	-1.300526e+01
5.433863533259804e-02	8.073821e-01	-1.300523e+01
5.453394783259804e-02	5.773243e-01	-1.300520e+01
5.472926033259804e-02	3.385830e-01	-1.300517e+01
5.492457283259804e-02	9.474909e-02	-1.300514e+01
5.511988533259805e-02	-1.505099e-01	-1.300510e+01
5.531519783259805e-02	-3.935051e-01	-1.300507e+01
5.551051033259805e-02	-6.305817e-01	-1.300504e+01
5.570582283259806e-02	-8.581737e-01	-1.300500e+01
5.580347908259806e-02	-9.673362e-01	-1.300449e+01
5.590113533259806e-02	-1.072858e+00	-1.299936e+01
5.596065426206618e-02	-1.135215e+00	-1.298941e+01
5.597454017270306e-02	-1.149538e+00	-1.297960e+01
5.599579614025497e-02	-1.171293e+00	-1.294893e+01
5.599679836835305e-02	-1.172313e+00	-1.295118e+01
5.599780059645112e-02	-1.173333e+00	-1.294910e+01
5.599880282454920e-02	-1.174353e+00	-1.294267e+01
5.599980505264728e-02	-1.175372e+00	-1.293192e+01
5.600080728074536e-02	-1.176391e+00	-1.291682e+01
5.600180950884343e-02	-1.177409e+00	-1.289739e+01
5.600281173694151e-02	-1.178427e+00	-1.287362e+01
5.600384039667106e-02	-1.179471e+00	-1.280621e+01
5.600494256120427e-02	-1.180590e+00	-1.265305e+01
5.600609305067557e-02	-1.181756e+00	-1.237265e+01
5.600698979343489e-02	-1.182665e+00	-1.204513e+01
5.600788026281173e-02	-1.183567e+00	-1.162966e+01
5.600892468779140e-02	-1.184625e+00	-1.108718e+01
5.601354810935515e-02	-1.189301e+00	-8.577838e+00
5.601817153091889e-02	-1.193967e+00	-6.065190e+00
5.602279495248264e-02	-1.198623e+00	-3.549231e+00
5.602741837404637e-02	-1.203269e+00	-1.029962e+00
5.603204179561012e-02	-1.207905e+00	1.492618e+00
5.603666521717386e-02	-1.212530e+00	4.018508e+00
5.604128863873761e-02	-1.217146e+00	6.547709e+00
5.605199929544735e-02	-1.227798e+00	1.136104e+01
5.605963869146735e-02	-1.235362e+00	1.296705e+01
5.606322763800120e-02	-1.238906e+00	1.300621e+01
5.623369887444480e-02	-1.402944e+00	1.300577e+01
5.640417011088840e-02	-1.547433e+00	1.300544e+01
5.657464134733200e-02	-1.672373e+00	1.300521e+01
5.674511258377560e-02	-1.777764e+00	1.300507e+01
5.691558382021920e-02	-1.863606e+00	1.300504e+01
5.708605505666280e-02	-1.929899e+00	1.300511e+01
5.725652629310640e-02	-1.976643e+00	1.300528e+01
5.745183879310640e-02	-1.999084e+00	1.300528e+01
5.764715129310640e-02	-1.991458e+00	1.300528e+01
5.784246379310640e-02	-1.953878e+00	1.300528e+01
5.803777629310641e-02	-1.886909e+00	1.300528e+01
5.823308879310641e-02	-1.791560e+00	1.300528e+01
5.842840129310641e-02	-1.669264e+00	1.300528e+01
5.862371379310641e-02	-1.521861e+00	1.300528e+01
5.881902629310642e-02	-1.351568e+00	1.300528e+01
5.901433879310642e-02	-1.160946e+00	1.300528e+01
5.920965129310642e-02	-9.528617e-01	1.300528e+01
5.940496379310643e-02	-7.304459e-01	1.300528e+01
5.960027629310643e-02	-4.970435e-01	1.300528e+01
5.979558879310643e-02	-2.561651e-01	1.300528e+01
5.999090129310643e-02	-1.143371e-02	1.300528e+01
6.018621379310644e-02	2.334696e-01	1.300528e+01
6.038152629310644e-02	4.748614e-01	1.300528e+01
6.057683879310644e-02	7.091107e-01	1.300528e+01
6.077215129310645e-02	9.326944e-01	1.300512e+01
6.086980754310645e-02	1.039428e+00	1.300319e+01
6.092986370118868e-02	1.103149e+00	1.299920e+01
6.094700856241896e-02	1.121056e+00	1.299438e+01
6.096986837739267e-02	1.144729e+00	1.298166e+01
6.099476561435986e-02	1.170243e+00	1.294853e+01
6.099578300801105e-02	1.171279e+00	1.295088e+01
6.099680040166224e-02	1.172315e+00	1.294785e+01
6.099781779531343e-02	1.173351e+00	1.293946e+01
6.099883518896462e-02	1.174386e+00	1.292568e+01
6.099985258261581e-02	1.175421e+00	1.290654e+01
6.100086997626700e-02	1.176455e+00	1.288203e+01
6.100188736991819e-02	1.177488e+00	1.285214e+01
6.100288078939013e-02	1.178497e+00	1.276284e+01
6.100393146642058e-02	1.179564e+00	1.257080e+01
6.100527606571454e-02	1.180928e+00	1.216555e+01
6.100606387986733e-02	1.181727e+00	1.183014e+01
6.100732328251588e-02	1.183003e+00	1.118548e+01
6.100969808676719e-02	1.185408e+00	9.893764e+00
6.103566467371817e-02	1.211530e+00	-4.355338e+00
6.104699845217600e-02	1.222832e+00	-9.973495e+00
6.105517036927142e-02	1.230942e+00	-1.296553e+01
6.107588730702034e-02	1.251355e+00	-1.300539e+01
6.124621481788608e-02	1.414099e+00	-1.300537e+01
6.141654232875182e-02	1.557236e+00	-1.300535e+01
6.158686983961757e-02	1.680767e+00	-1.300534e+01
6.175719735048330e-02	1.784691e+00	-1.300534e+01
6.192752486134905e-02	1.869008e+00	-1.300535e+01
6.209785237221479e-02	1.933718e+00	-1.300537e+01
6.226817988308053e-02	1.978822e+00	-1.300539e+01
6.246349238308053e-02	1.999474e+00	-1.300539e+01
6.265880488308052e-02	1.990052e+00	-1.300539e+01
6.285411738308051e-02	1.950698e+00	-1.300539e+01
6.304942988308050e-02	1.882004e+00	-1.300538e+01
6.324474238308049e-02	1.785003e+00	-1.300537e+01
6.344005488308048e-02	1.661153e+00	-1.300535e+01
6.363536738308047e-02	1.512319e+00	-1.300533e+01
6.383067988308046e-02	1.340737e+00	-1.300531e+01
6.402599238308045e-02	1.148990e+00	-1.300528e+01
6.422130488308044e-02	9.399608e-01	-1.300525e+01
6.441661738308042e-02	7.167937e-01	-1.300522e+01
6.461192988308041e-02	4.828454e-01	-1.300519e+01
6.480724238308040e-02	2.416346e-01	-1.300516e+01
6.500255488308039e-02	-3.210559e-03	-1.300512e+01
6.519786738308038e-02	-2.480074e-01	-1.300509e+01
6.539317988308037e-02	-4.890741e-01	-1.300506e+01
6.558849238308036e-02	-7.227846e-01	-1.300503e+01
6.578380488308035e-02	-9.456237e-01	-1.300477e+01
6.588146113308034e-02	-1.051911e+00	-1.300207e+01
6.594130930136465e-02	-1.115117e+00	-1.299656e+01
6.595748033183009e-02	-1.131929e+00	-1.299050e+01
6.598301263757615e-02	-1.158234e+00	-1.297309e+01
6.598579029967509e-02	-1.161078e+00	-1.297868e+01
6.598856796177403e-02	-1.163918e+00	-1.297830e+01
6.599134562387297e-02	-1.166755e+00	-1.297195e+01
6.599412328597190e-02	-1.169588e+00	-1.295965e+01
6.599690094807084e-02	-1.172418e+00	-1.294138e+01
6.599967861016978e-02	-1.175244e+00	-1.291715e+01
6.600245627226872e-02	-1.178066e+00	-1.288695e+01
6.600350780490719e-02	-1.179134e+00	-1.283524e+01
6.600454517944905e-02	-1.180187e+00	-1.272359e+01
6.600563636080342e-02	-1.181293e+00	-1.248759e+01
6.600719007668257e-02	-1.182868e+00	-1.194655e+01
6.600818900554555e-02	-1.183880e+00	-1.148486e+01
6.600932888659333e-02	-1.185034e+00	-1.088475e+01
6.602403885803082e-02	-1.199874e+00	-2.884161e+00
6.603537139088612e-02	-1.211237e+00	3.138724e+00
6.605462697924194e-02	-1.230403e+00	1.287635e+01
6.605497322451892e-02	-1.230746e+00	1.296701e+01
6.606106271052169e-02	-1.236769e+00	1.298794e+01
6.606715219652447e-02	-1.242774e+00	1.300372e+01
6.607324168252723e-02	-1.248760e+00	1.301435e+01
6.607933116853001e-02	-1.254728e+00	1.301981e+01
6.608542065453278e-02	-1.260678e+00	1.302012e+01
6.609151014053556e-02	-1.266609e+00	1.301528e+01
6.609759962653833e-02	-1.272522e+00	1.300528e+01
6.630679851960930e-02	-1.463772e+00	1.300528e+01
6.650211101960929e-02	-1.619592e+00	1.300528e+01
6.669742351960928e-02	-1.751051e+00	1.300528e+01
6.689273601960927e-02	-1.856173e+00	1.300528e+01
6.708804851960926e-02	-1.933377e+00	1.300528e+01
6.728336101960924e-02	-1.981500e+00	1.300528e+01
6.747867351960923e-02	-1.999820e+00	1.300528e+01
6.767398601960922e-02	-1.988061e+00	1.300528e+01
6.786929851960921e-02	-1.946400e+00	1.300528e+01
6.806461101960920e-02	-1.875463e+00	1.300528e+01
6.825992351960919e-02	-1.776317e+00	1.300528e+01
6.845523601960918e-02	-1.650454e+00	1.300528e+01
6.865054851960917e-02	-1.499766e+00	1.300528e+01
6.884586101960916e-02	-1.326521e+00	1.300528e+01
6.904117351960914e-02	-1.133323e+00	1.300528e+01
6.923648601960913e-02	-9.230793e-01	1.300528e+01
6.943179851960912e-02	-6.989515e-01	1.300528e+01
6.962711101960911e-02	-4.643108e-01	1.300528e+01
6.982242351960910e-02	-2.226865e-01	1.300528e+01
7.001773601960909e-02	2.228728e-02	1.300528e+01
7.021304851960908e-02	2.669258e-01	1.300528e+01
7.040836101960907e-02	5.075495e-01	1.300528e+01
7.060367351960906e-02	7.405393e-01	1.300528e+01
7.079898601960904e-02	9.623905e-01	1.300483e+01
7.089664226960904e-02	1.068089e+00	1.300009e+01
7.095697796274851e-02	1.131408e+00	1.299071e+01
7.097122428995038e-02	1.146125e+00	1.298146e+01
7.099405042080839e-02	1.169514e+00	1.294969e+01
7.099507456697289e-02	1.170558e+00	1.295247e+01
7.099609871313740e-02	1.171601e+00	1.295114e+01
7.099712285930190e-02	1.172644e+00	1.294570e+01
7.099814700546640e-02	1.173686e+00	1.293615e+01
7.099917115163090e-02	1.174728e+00	1.292248e+01
7.100019529779542e-02	1.175769e+00	1.290471e+01
7.100121944395991e-02	1.176810e+00	1.288282e+01
7.100220678812594e-02	1.177813e+00	1.282731e+01
7.100329051082731e-02	1.178913e+00	1.269897e+01
7.100435461902700e-02	1.179993e+00	1.246292e+01
7.100553721364952e-02	1.181193e+00	1.205209e+01
7.100642389982409e-02	1.182092e+00	1.164522e+01
7.100751713025498e-02	1.183200e+00	1.107228e+01
7.101223478602506e-02	1.187974e+00	8.485907e+00
7.101695244179515e-02	1.192738e+00	5.899389e+00
7.102167009756523e-02	1.197491e+00	3.312725e+00
7.102638775333531e-02	1.202234e+00	7.259169e-01
7.103110540910539e-02	1.206967e+00	-1.861037e+00
7.103582306487548e-02	1.211689e+00	-4.448135e+00
7.104054072064556e-02	1.216400e+00	-7.035379e+00
7.105121540179141e-02	1.227021e+00	-1.170520e+01
7.105877567256907e-02	1.234509e+00	-1.297160e+01
7.118060872159448e-02	1.352563e+00	-1.298869e+01
7.130244177061990e-02	1.461283e+00	-1.300169e+01
7.142427481964531e-02	1.560669e+00	-1.301061e+01
7.154610786867073e-02	1.650721e+00	-1.301543e+01
7.166794091769614e-02	1.731439e+00	-1.301617e+01
7.178977396672155e-02	1.802823e+00	-1.301282e+01
7.191160701574696e-02	1.864873e+00	-1.300538e+01
7.210691951574695e-02	1.939310e+00	-1.300539e+01
7.230223201574694e-02	1.984579e+00	-1.300539e+01
7.249754451574693e-02	1.999998e+00	-1.300539e+01
7.269285701574692e-02	1.985334e+00	-1.300539e+01
7.288816951574691e-02	1.940810e+00	-1.300539e+01
7.308348201574690e-02	1.867094e+00	-1.300538e+01
7.327879451574688e-02	1.765295e+00	-1.300536e+01
7.347410701574687e-02	1.636944e+00	-1.300535e+01
7.366941951574686e-02	1.483973e+00	-1.300533e+01
7.386473201574685e-02	1.308681e+00	-1.300530e+01
7.406004451574684e-02	1.113705e+00	-1.300528e+01
7.425535701574683e-02	9.019778e-01	-1.300525e+01
7.445066951574682e-02	6.766842e-01	-1.300522e+01
7.464598201574681e-02	4.412126e-01	-1.300518e+01
7.484129451574680e-02	1.991048e-01	-1.300515e+01
7.513426326574678e-02	-1.685202e-01	-1.300510e+01
7.532957576574677e-02	-4.112035e-01	-1.300507e+01
7.552488826574676e-02	-6.477020e-01	-1.300504e+01
7.572020076574675e-02	-8.744584e-01	-1.300499e+01
7.581785701574674e-02	-9.831104e-01	-1.300413e+01
7.591551326574673e-02	-1.088062e+00	-1.300128e+01
7.592384230458993e-02	-1.096829e+00	-1.300038e+01
7.594050038227630e-02	-1.114273e+00	-1.299585e+01
7.597671892532683e-02	-1.151777e+00	-1.297963e+01
7.598008308812537e-02	-1.155231e+00	-1.298092e+01
7.598344725092392e-02	-1.158679e+00	-1.297909e+01
7.598681141372246e-02	-1.162122e+00	-1.297416e+01
7.599017557652099e-02	-1.165560e+00	-1.296612e+01
7.599353973931953e-02	-1.168993e+00	-1.295496e+01
7.599690390211808e-02	-1.172421e+00	-1.294070e+01
7.600026806491662e-02	-1.175843e+00	-1.292332e+01
7.600195983520364e-02	-1.177562e+00	-1.289770e+01
7.600326666365964e-02	-1.178889e+00	-1.284667e+01
7.600431551872940e-02	-1.179953e+00	-1.274831e+01
7.600546102639706e-02	-1.181116e+00	-1.252544e+01
7.600682789535106e-02	-1.182501e+00	-1.208901e+01
7.600768384943608e-02	-1.183368e+00	-1.171259e+01
7.600887203810394e-02	-1.184572e+00	-1.110055e+01
7.601326188022524e-02	-1.189012e+00	-8.723026e+00
7.604235534889210e-02	-1.218209e+00	7.116320e+00
7.605306170365041e-02	-1.228852e+00	1.173777e+01
7.606069478748895e-02	-1.236406e+00	1.298123e+01
7.622419120298417e-02	-1.394032e+00	1.299289e+01
7.638768761847939e-02	-1.533849e+00	1.300180e+01
7.655118403397461e-02	-1.655856e+00	1.300798e+01
7.671468044946982e-02	-1.760052e+00	1.301141e+01
7.687817686496504e-02	-1.846439e+00	1.301211e+01
7.704167328046026e-02	-1.915015e+00	1.301006e+01
7.720516969595548e-02	-1.965781e+00	1.300528e+01
7.740048219595547e-02	-1.996091e+00	1.300528e+01
7.759579469595546e-02	-1.996378e+00	1.300528e+01
7.779110719595544e-02	-1.966638e+00	1.300528e+01
7.798641969595543e-02	-1.907317e+00	1.300528e+01
7.818173219595542e-02	-1.819309e+00	1.300528e+01
7.837704469595541e-02	-1.703936e+00	1.300528e+01
7.857235719595540e-02	-1.562935e+00	1.300528e+01
7.876766969595539e-02	-1.398426e+00	1.300528e+01
7.896298219595538e-02	-1.212883e+00	1.300528e+01
7.915829469595537e-02	-1.009097e+00	1.300528e+01
7.935360719595536e-02	-7.901336e-01	1.300528e+01
7.954891969595534e-02	-5.592858e-01	1.300528e+01
7.974423219595533e-02	-3.200257e-01	1.300528e+01
7.993954469595532e-02	-7.595211e-02	1.300528e+01
8.013485719595531e-02	1.692638e-01	1.300528e+01
8.033016969595530e-02	4.119339e-01	1.300528e+01
8.052548219595529e-02	6.484081e-01	1.300528e+01
8.072079469595528e-02	8.751296e-01	1.300526e+01
8.081845094595527e-02	9.837603e-01	1.300434e+01
8.091610719595527e-02	1.088688e+00	1.300131e+01
8.092388194615778e-02	1.096871e+00	1.300044e+01
8.093943144656281e-02	1.113158e+00	1.299621e+01
8.097387874775734e-02	1.148857e+00	1.298101e+01
8.097756010808145e-02	1.152641e+00	1.298426e+01
8.098124146840556e-02	1.156419e+00	1.298337e+01
8.098492282872967e-02	1.160190e+00	1.297833e+01
8.098860418905378e-02	1.163955e+00	1.296915e+01
8.099228554937789e-02	1.167714e+00	1.295583e+01
8.099596690970200e-02	1.171466e+00	1.293837e+01
8.099964827002611e-02	1.175213e+00	1.291677e+01
8.100099882548104e-02	1.176586e+00	1.288981e+01
8.100202435624526e-02	1.177628e+00	1.284246e+01
8.100302904003341e-02	1.178648e+00	1.274145e+01
8.100409422275354e-02	1.179729e+00	1.252547e+01
8.100554755739049e-02	1.181203e+00	1.204571e+01
8.100643183403330e-02	1.182100e+00	1.164768e+01
8.100759278807801e-02	1.183276e+00	1.103870e+01
8.101206113238657e-02	1.187798e+00	8.589556e+00
8.101652947669515e-02	1.192311e+00	6.139755e+00
8.102099782100371e-02	1.196815e+00	3.689296e+00
8.102546616531228e-02	1.201309e+00	1.238176e+00
8.102993450962084e-02	1.205793e+00	-1.213603e+00
8.103440285392942e-02	1.210268e+00	-3.666041e+00
8.103887119823798e-02	1.214734e+00	-6.119139e+00
8.104949176109065e-02	1.225309e+00	-1.102629e+01
8.105720702310192e-02	1.232958e+00	-1.293123e+01
8.105845591946494e-02	1.234193e+00	-1.300514e+01
8.122044498257069e-02	1.390613e+00	-1.300523e+01
8.138243404567645e-02	1.529587e+00	-1.300531e+01
8.154442310878221e-02	1.651114e+00	-1.300536e+01
8.170641217188797e-02	1.755194e+00	-1.300539e+01
8.186840123499373e-02	1.841829e+00	-1.300541e+01
8.203039029809948e-02	1.911016e+00	-1.300541e+01
8.219237936120524e-02	1.962758e+00	-1.300539e+01
8.238769186120523e-02	1.995023e+00	-1.300539e+01
8.258300436120522e-02	1.997281e+00	-1.300539e+01
8.277831686120521e-02	1.969498e+00	-1.300539e+01
8.297362936120520e-02	1.912092e+00	-1.300538e+01
8.316894186120519e-02	1.825926e+00	-1.300537e+01
8.336425436120518e-02	1.712297e+00	-1.300536e+01
8.355956686120516e-02	1.572913e+00	-1.300534e+01
8.375487936120515e-02	1.409871e+00	-1.300532e+01
8.395019186120514e-02	1.225624e+00	-1.300529e+01
8.414550436120513e-02	1.022941e+00	-1.300526e+01
8.434081686120512e-02	8.048733e-01	-1.300523e+01
8.453612936120511e-02	5.746990e-01	-1.300520e+01
8.473144186120510e-02	3.358809e-01	-1.300517e+01
8.492675436120509e-02	9.201070e-02	-1.300514e+01
8.512206686120508e-02	-1.532434e-01	-1.300510e+01
8.531737936120506e-02	-3.961926e-01	-1.300507e+01
8.551269186120505e-02	-6.331826e-01	-1.300504e+01
8.570800436120504e-02	-8.606490e-01	-1.300500e+01
8.580566061120504e-02	-9.697347e-01	-1.300444e+01
8.590331686120503e-02	-1.075171e+00	-1.300247e+01
8.591552389245503e-02	-1.088073e+00	-1.300140e+01
8.593993795495504e-02	-1.113686e+00	-1.299362e+01
8.599220112737335e-02	-1.167628e+00	-1.295877e+01
8.599365721455215e-02	-1.169113e+00	-1.296014e+01
8.599511330173096e-02	-1.170597e+00	-1.295773e+01
8.599656938890976e-02	-1.172080e+00	-1.295156e+01
8.599802547608856e-02	-1.173562e+00	-1.294162e+01
8.599948156326737e-02	-1.175043e+00	-1.292791e+01
8.600093765044617e-02	-1.176524e+00	-1.291043e+01
8.600239373762497e-02	-1.178003e+00	-1.288918e+01
8.600344124270208e-02	-1.179066e+00	-1.284039e+01
8.600446407112826e-02	-1.180104e+00	-1.273600e+01
8.600554658804146e-02	-1.181202e+00	-1.251331e+01
8.600703231547895e-02	-1.182708e+00	-1.201733e+01
8.600795770783452e-02	-1.183646e+00	-1.159994e+01
8.600911106492982e-02	-1.184814e+00	-1.099864e+01
8.601331798324852e-02	-1.189069e+00	-8.715220e+00
8.601752490156721e-02	-1.193315e+00	-6.429025e+00
8.602173181988590e-02	-1.197554e+00	-4.140049e+00
8.602593873820458e-02	-1.201783e+00	-1.848292e+00
8.603014565652327e-02	-1.206005e+00	4.462446e-01
8.603435257484196e-02	-1.210218e+00	2.743562e+00
8.603855949316065e-02	-1.214423e+00	5.043660e+00
8.604940212834579e-02	-1.225220e+00	1.029767e+01
8.605737628895403e-02	-1.233125e+00	1.284422e+01
8.605880771832887e-02	-1.234541e+00	1.300000e+01
8.622424578163858e-02	-1.394194e+00	1.300251e+01
8.638968384494827e-02	-1.535577e+00	1.300443e+01
8.655512190825798e-02	-1.658690e+00	1.300577e+01
8.672055997156769e-02	-1.763532e+00	1.300653e+01
8.688599803487740e-02	-1.850104e+00	1.300670e+01
8.705143609818709e-02	-1.918406e+00	1.300628e+01
8.721687416149680e-02	-1.968437e+00	1.300528e+01
8.741218666149679e-02	-1.996956e+00	1.300528e+01
8.760749916149678e-02	-1.995440e+00	1.300528e+01
8.780281166149677e-02	-1.963909e+00	1.300528e+01
8.799812416149676e-02	-1.902840e+00	1.300528e+01
8.819343666149675e-02	-1.813150e+00	1.300528e+01
8.838874916149674e-02	-1.696189e+00	1.300528e+01
8.858406166149672e-02	-1.553716e+00	1.300528e+01
8.877937416149671e-02	-1.387873e+00	1.300528e+01
8.897468666149670e-02	-1.201155e+00	1.300528e+01
8.916999916149669e-02	-9.963712e-01	1.300528e+01
8.936531166149668e-02	-7.766006e-01	1.300528e+01
8.956062416149667e-02	-5.451493e-01	1.300528e+01
8.975593666149666e-02	-3.054984e-01	1.300528e+01
8.995124916149665e-02	-6.125253e-02	1.300528e+01
9.014656166149664e-02	1.839146e-01	1.300528e+01
9.034187416149662e-02	4.263155e-01	1.300528e+01
9.053718666149661e-02	6.623043e-01	1.300528e+01
9.073249916149660e-02	8.883313e-01	1.300525e+01
9.083015541149660e-02	9.965395e-01	1.300426e+01
9.091640429774890e-02	1.089002e+00	1.300133e+01
9.092360522754948e-02	1.096580e+00	1.300051e+01
9.093800708715065e-02	1.111670e+00	1.299681e+01
9.097070373848465e-02	1.145589e+00	1.298336e+01
9.097478882130183e-02	1.149793e+00	1.298663e+01
9.097887390411900e-02	1.153990e+00	1.298581e+01
9.098295898693619e-02	1.158179e+00	1.298090e+01
9.098704406975336e-02	1.162360e+00	1.297190e+01
9.099112915257054e-02	1.166534e+00	1.295881e+01
9.099521423538771e-02	1.170700e+00	1.294164e+01
9.099929931820490e-02	1.174858e+00	1.292037e+01
9.100074037274490e-02	1.176323e+00	1.289608e+01
9.100185495646412e-02	1.177456e+00	1.285184e+01
9.100284999734946e-02	1.178466e+00	1.276253e+01
9.100393255839456e-02	1.179565e+00	1.256393e+01
9.100525860060731e-02	1.180910e+00	1.216255e+01
9.100604896118258e-02	1.181712e+00	1.182493e+01
9.100730229453301e-02	1.182982e+00	1.118283e+01
9.100968392031096e-02	1.185394e+00	9.887274e+00
9.103590323897405e-02	1.211769e+00	-4.500471e+00
9.104714788847264e-02	1.222980e+00	-1.004859e+01
9.105528466377209e-02	1.231055e+00	-1.296793e+01
9.108904905369247e-02	1.264240e+00	-1.299150e+01
9.112281344361287e-02	1.296823e+00	-1.300899e+01
9.115657783353324e-02	1.328806e+00	-1.302041e+01
9.119034222345362e-02	1.360187e+00	-1.302575e+01
9.122410661337400e-02	1.390966e+00	-1.302501e+01
9.125787100329440e-02	1.421145e+00	-1.301820e+01
9.129163539321478e-02	1.450722e+00	-1.300532e+01
9.148694789321477e-02	1.608339e+00	-1.300534e+01
9.168226039321475e-02	1.741765e+00	-1.300536e+01
9.187757289321474e-02	1.848994e+00	-1.300537e+01
9.207288539321473e-02	1.928412e+00	-1.300538e+01
9.226819789321472e-02	1.978825e+00	-1.300539e+01
9.246351039321471e-02	1.999474e+00	-1.300539e+01
9.265882289321470e-02	1.990050e+00	-1.300539e+01
9.285413539321469e-02	1.950693e+00	-1.300539e+01
9.304944789321468e-02	1.881996e+00	-1.300538e+01
9.324476039321467e-02	1.784993e+00	-1.300537e+01
9.344007289321465e-02	1.661141e+00	-1.300535e+01
9.363538539321464e-02	1.512304e+00	-1.300533e+01
9.383069789321463e-02	1.340721e+00	-1.300531e+01
9.402601039321462e-02	1.148971e+00	-1.300528e+01
9.422132289321461e-02	9.399408e-01	-1.300525e+01
9.441663539321460e-02	7.167726e-01	-1.300522e+01
9.461194789321459e-02	4.828234e-01	-1.300519e+01
9.480726039321458e-02	2.416122e-01	-1.300516e+01
9.500257289321457e-02	-3.233192e-03	-1.300512e+01
9.519788539321455e-02	-2.480299e-01	-1.300509e+01
9.539319789321454e-02	-4.890960e-01	-1.300506e+01
9.558851039321453e-02	-7.228057e-01	-1.300503e+01
9.578382289321452e-02	-9.456437e-01	-1.300477e+01
9.588147914321452e-02	-1.051931e+00	-1.300207e+01
9.594132073820033e-02	-1.115129e+00	-1.299656e+01
9.595749024636954e-02	-1.131939e+00	-1.299049e+01
9.598301967920253e-02	-1.158241e+00	-1.297309e+01
9.598579646977624e-02	-1.161084e+00	-1.297868e+01
9.598857326034996e-02	-1.163923e+00	-1.297830e+01
9.599135005092367e-02	-1.166759e+00	-1.297196e+01
9.599412684149737e-02	-1.169592e+00	-1.295965e+01
9.599690363207108e-02	-1.172420e+00	-1.294137e+01
9.599968042264480e-02	-1.175246e+00	-1.291713e+01
9.600245721321851e-02	-1.178067e+00	-1.288692e+01
9.600350880629090e-02	-1.179135e+00	-1.283515e+01
9.600454643077895e-02	-1.180188e+00	-1.272339e+01
9.600563776361175e-02	-1.181295e+00	-1.248717e+01
9.600719262378295e-02	-1.182871e+00	-1.194538e+01
9.600819281474414e-02	-1.183884e+00	-1.148293e+01
9.600933266047039e-02	-1.185038e+00	-1.088276e+01
9.602403802139109e-02	-1.199874e+00	-2.884661e+00
9.603533124696093e-02	-1.211197e+00	3.127829e+00
9.605451419496747e-02	-1.230291e+00	1.287197e+01
9.605487167410540e-02	-1.230646e+00	1.296619e+01
9.606103425084961e-02	-1.236741e+00	1.298760e+01
9.606719682759383e-02	-1.242818e+00	1.300374e+01
9.607335940433805e-02	-1.248876e+00	1.301460e+01
9.607952198108227e-02	-1.254915e+00	1.302018e+01
9.608568455782648e-02	-1.260935e+00	1.302049e+01
9.609184713457071e-02	-1.266937e+00	1.301552e+01
9.609800971131492e-02	-1.272920e+00	1.300528e+01
9.630832264575097e-02	-1.465077e+00	1.300528e+01
9.650363514575096e-02	-1.620715e+00	1.300528e+01
9.669894764575095e-02	-1.751976e+00	1.300528e+01
9.689426014575094e-02	-1.856886e+00	1.300528e+01
9.708957264575092e-02	-1.933866e+00	1.300528e+01
9.728488514575091e-02	-1.981759e+00	1.300528e+01
9.748019764575090e-02	-1.999845e+00	1.300528e+01
9.767551014575089e-02	-1.987852e+00	1.300528e+01
9.787082264575088e-02	-1.945959e+00	1.300528e+01
9.806613514575087e-02	-1.874797e+00	1.300528e+01
9.826144764575086e-02	-1.775436e+00	1.300528e+01
9.845676014575085e-02	-1.649371e+00	1.300528e+01
9.865207264575084e-02	-1.498498e+00	1.300528e+01
9.884738514575082e-02	-1.325087e+00	1.300528e+01
9.904269764575081e-02	-1.131745e+00	1.300528e+01
9.923801014575080e-02	-9.213798e-01	1.300528e+01
9.943332264575079e-02	-6.971567e-01	1.300528e+01
9.962863514575078e-02	-4.624477e-01	1.300528e+01
9.982394764575077e-02	-2.207830e-01	1.300528e+01
9.992160389575076e-02	-9.847562e-02	1.300528e+01
1.000000000000000e-01	9.312268e-15	1.300528e+01
