time	V(n001)	V(n002)	V(n003)
0.000000000000000e+00	1.114760e-05	8.098422e-03	0.000000e+00
1.428571424964633e-07	5.005762e-05	8.081538e-03	4.487990e-05
2.857142849929266e-07	8.588081e-05	8.030389e-03	8.975979e-05
4.285714274893899e-07	1.186172e-04	7.944976e-03	1.346397e-04
5.714285699858532e-07	1.482667e-04	7.825298e-03	1.795196e-04
7.142857124823165e-07	1.748295e-04	7.671355e-03	2.243995e-04
8.571428549787799e-07	1.983054e-04	7.483147e-03	2.692793e-04
9.999999974752427e-07	2.186944e-04	7.260675e-03	3.141592e-04
1.999999994950485e-06	3.309321e-04	5.364964e-03	6.283183e-04
3.186103540920572e-06	4.053142e-04	2.464384e-03	1.000943e-03
4.415204883699577e-06	4.413753e-04	-9.966485e-04	1.387076e-03
5.669003211403024e-06	4.566417e-04	-4.766087e-03	1.780966e-03
7.672467933617363e-06	4.648983e-04	-1.096844e-02	2.410368e-03
5.039049817929367e-05	4.676633e-04	-1.452232e-01	1.584721e-02
9.310852842496999e-05	4.694980e-04	-2.791343e-01	2.925019e-02
1.358265586706463e-04	4.704024e-04	-4.127018e-01	4.261929e-02
1.785445889163226e-04	4.703765e-04	-5.459257e-01	5.595452e-02
2.212626191619989e-04	4.694204e-04	-6.788060e-01	6.925589e-02
2.639806494076752e-04	4.675339e-04	-8.113427e-01	8.252338e-02
3.066986796533514e-04	4.647172e-04	-9.435357e-01	9.575700e-02
5.020111796533515e-04	4.533929e-04	-1.536626e+00	1.551093e-01
6.973236796533514e-04	4.354168e-04	-2.106482e+00	2.121286e-01
8.926361796533514e-04	4.110593e-04	-2.644532e+00	2.659573e-01
1.087948679653351e-03	3.806867e-04	-3.142685e+00	3.157857e-01
1.283261179653352e-03	3.447560e-04	-3.593447e+00	3.608644e-01
1.478573679653352e-03	3.038075e-04	-3.990038e+00	4.005154e-01
1.673886179653352e-03	2.584573e-04	-4.326494e+00	4.341423e-01
1.869198679653352e-03	2.093873e-04	-4.597754e+00	4.612392e-01
2.064511179653352e-03	1.573358e-04	-4.799737e+00	4.813987e-01
2.259823679653352e-03	1.030855e-04	-4.929405e+00	4.943176e-01
2.455136179653353e-03	4.745245e-05	-4.984809e+00	4.998014e-01
2.650448679653353e-03	-8.726649e-06	-4.965116e+00	4.977677e-01
2.845761179653353e-03	-6.460684e-05	-4.870620e+00	4.882472e-01
3.041073679653353e-03	-1.193476e-04	-4.702744e+00	4.713829e-01
3.236386179653353e-03	-1.721258e-04	-4.464012e+00	4.474286e-01
3.431698679653354e-03	-2.221474e-04	-4.158016e+00	4.167446e-01
3.627011179653354e-03	-2.686601e-04	-3.789357e+00	3.797923e-01
3.822323679653354e-03	-3.109644e-04	-3.363582e+00	3.371277e-01
4.017636179653354e-03	-3.484238e-04	-2.887093e+00	2.893923e-01
4.212948679653353e-03	-3.804751e-04	-2.367057e+00	2.373041e-01
4.408261179653352e-03	-4.066359e-04	-1.811297e+00	1.816467e-01
4.603573679653352e-03	-4.265129e-04	-1.228172e+00	1.232572e-01
4.798886179653351e-03	-4.398070e-04	-6.264520e-01	6.301376e-02
4.994198679653350e-03	-4.463182e-04	-1.518782e-02	1.822534e-03
5.189511179653349e-03	-4.459487e-04	5.964266e-01	-5.939610e-02
5.384823679653349e-03	-4.387038e-04	1.199192e+00	-1.197214e-01
5.580136179653348e-03	-4.246927e-04	1.784042e+00	-1.782459e-01
5.775448679653347e-03	-4.041261e-04	2.342181e+00	-2.340895e-01
5.970761179653347e-03	-3.773134e-04	2.865212e+00	-2.864121e-01
6.166073679653346e-03	-3.446579e-04	3.345270e+00	-3.344269e-01
6.361386179653345e-03	-3.066507e-04	3.775134e+00	-3.774115e-01
6.556698679653345e-03	-2.638637e-04	4.148338e+00	-4.147195e-01
6.752011179653344e-03	-2.169403e-04	4.459270e+00	-4.457898e-01
6.947323679653343e-03	-1.665864e-04	4.703251e+00	-4.701549e-01
7.142636179653342e-03	-1.135592e-04	4.876613e+00	-4.874485e-01
7.337948679653342e-03	-5.865647e-05	4.976748e+00	-4.974104e-01
7.533261179653341e-03	-2.703846e-06	5.002149e+00	-4.998908e-01
7.728573679653340e-03	5.345711e-05	4.952435e+00	-4.948524e-01
7.923886179653341e-03	1.089817e-04	4.828355e+00	-4.823709e-01
8.119198679653340e-03	1.630349e-04	4.631773e+00	-4.626341e-01
8.314511179653339e-03	2.148036e-04	4.365646e+00	-4.359389e-01
8.509823679653339e-03	2.635092e-04	4.033978e+00	-4.026868e-01
8.705136179653338e-03	3.084191e-04	3.641757e+00	-3.633778e-01
8.900448679653337e-03	3.488579e-04	3.194883e+00	-3.186034e-01
9.095761179653336e-03	3.842173e-04	2.700076e+00	-2.690368e-01
9.291073679653336e-03	4.139654e-04	2.164780e+00	-2.154237e-01
9.486386179653335e-03	4.376547e-04	1.597044e+00	-1.585704e-01
9.681698679653334e-03	4.549290e-04	1.005410e+00	-9.933203e-02
9.877011179653334e-03	4.655282e-04	3.987753e-01	-3.859963e-02
1.016997992965333e-02	4.685909e-04	-5.193154e-01	5.329931e-02
1.036529242965333e-02	4.620304e-04	-1.123377e+00	1.137551e-01
1.056060492965333e-02	4.486881e-04	-1.710420e+00	1.724999e-01
1.075591742965333e-02	4.287648e-04	-2.271615e+00	2.286501e-01
1.095122992965333e-02	4.025600e-04	-2.798521e+00	2.813612e-01
1.114654242965333e-02	3.704681e-04	-3.283213e+00	3.298404e-01
1.134185492965333e-02	3.329717e-04	-3.718400e+00	3.733584e-01
1.153716742965333e-02	2.906348e-04	-4.097538e+00	4.112608e-01
1.173247992965333e-02	2.440942e-04	-4.414923e+00	4.429775e-01
1.192779242965333e-02	1.940501e-04	-4.665781e+00	4.680314e-01
1.212310492965333e-02	1.412550e-04	-4.846340e+00	4.860456e-01
1.231841742965332e-02	8.650299e-05	-4.953884e+00	4.967493e-01
1.251372992965332e-02	3.061764e-05	-4.986795e+00	4.999814e-01
1.270904242965332e-02	-2.556054e-05	-4.944578e+00	4.956933e-01
1.290435492965332e-02	-8.118662e-05	-4.827868e+00	4.839495e-01
1.309966742965332e-02	-1.354240e-04	-4.638421e+00	4.649267e-01
1.329497992965332e-02	-1.874568e-04	-4.379086e+00	4.389109e-01
1.349029242965332e-02	-2.365026e-04	-4.053763e+00	4.062935e-01
1.368560492965332e-02	-2.818236e-04	-3.667346e+00	3.675651e-01
1.388091742965332e-02	-3.227381e-04	-3.225647e+00	3.233082e-01
1.407622992965332e-02	-3.586307e-04	-2.735310e+00	2.741884e-01
1.427154242965332e-02	-3.889615e-04	-2.203709e+00	2.209445e-01
1.446685492965332e-02	-4.132743e-04	-1.638841e+00	1.643775e-01
1.466216742965332e-02	-4.312034e-04	-1.049201e+00	1.053380e-01
1.485747992965332e-02	-4.424790e-04	-4.436581e-01	4.471419e-02
1.515044867965331e-02	-4.465743e-04	4.745183e-01	-4.719448e-02
1.534576117965331e-02	-4.406990e-04	1.079785e+00	-1.077716e-01
1.554107367965331e-02	-4.280276e-04	1.668933e+00	-1.667278e-01
1.573638617965331e-02	-4.087504e-04	2.233100e+00	-2.231762e-01
1.593169867965332e-02	-3.831576e-04	2.763801e+00	-2.762679e-01
1.612701117965332e-02	-3.516340e-04	3.253054e+00	-3.252042e-01
1.632232367965332e-02	-3.146539e-04	3.693499e+00	-3.692492e-01
1.651763617965333e-02	-2.727736e-04	4.078513e+00	-4.077403e-01
1.671294867965333e-02	-2.266228e-04	4.402304e+00	-4.400986e-01
1.690826117965333e-02	-1.768959e-04	4.660002e+00	-4.658374e-01
1.710357367965333e-02	-1.243407e-04	4.847731e+00	-4.845696e-01
1.729888617965334e-02	-6.974774e-05	4.962667e+00	-4.960134e-01
1.749419867965334e-02	-1.393809e-05	5.003082e+00	-4.999967e-01
1.768951117965334e-02	4.224886e-05	4.968368e+00	-4.964596e-01
1.788482367965335e-02	9.796803e-05	4.859047e+00	-4.854552e-01
1.808013617965335e-02	1.523814e-04	4.676763e+00	-4.671492e-01
1.827544867965335e-02	2.046705e-04	4.424258e+00	-4.418168e-01
1.847076117965335e-02	2.540490e-04	4.105330e+00	-4.098391e-01
1.866607367965336e-02	2.997741e-04	3.724775e+00	-3.716970e-01
1.886138617965336e-02	3.411581e-04	3.288319e+00	-3.279643e-01
1.905669867965336e-02	3.775785e-04	2.802524e+00	-2.792987e-01
1.925201117965336e-02	4.084875e-04	2.274699e+00	-2.264321e-01
1.944732367965337e-02	4.334200e-04	1.712783e+00	-1.701598e-01
1.964263617965337e-02	4.520012e-04	1.125226e+00	-1.113281e-01
1.983794867965337e-02	4.639515e-04	5.208665e-01	-5.082200e-02
2.013091742965338e-02	4.690787e-04	-3.972574e-01	4.108256e-02
2.032622992965338e-02	4.638897e-04	-1.003638e+00	1.017720e-01
2.052154242965338e-02	4.518909e-04	-1.594802e+00	1.609307e-01
2.071685492965339e-02	4.332629e-04	-2.161856e+00	2.176688e-01
2.091216742965339e-02	4.082859e-04	-2.696272e+00	2.711330e-01
2.110747992965339e-02	3.773355e-04	-3.190012e+00	3.205191e-01
2.130279242965339e-02	3.408773e-04	-3.635649e+00	3.650843e-01
2.149810492965340e-02	2.994598e-04	-4.026481e+00	4.041583e-01
2.169341742965340e-02	2.537059e-04	-4.356629e+00	4.371533e-01
2.188872992965340e-02	2.043037e-04	-4.621128e+00	4.635732e-01
2.208404242965340e-02	1.519964e-04	-4.815999e+00	4.830205e-01
2.227935492965341e-02	9.757073e-05	-4.938310e+00	4.952027e-01
2.247466742965341e-02	4.184518e-05	-4.986223e+00	4.999367e-01
2.266997992965341e-02	-1.434207e-05	-4.959017e+00	4.971511e-01
2.286529242965342e-02	-7.014595e-05	-4.857101e+00	4.868878e-01
2.306060492965342e-02	-1.247272e-04	-4.682008e+00	4.693014e-01
2.325591742965342e-02	-1.772648e-04	-4.436371e+00	4.446562e-01
2.345122992965342e-02	-2.269686e-04	-4.123885e+00	4.133230e-01
2.364654242965343e-02	-2.730910e-04	-3.749251e+00	3.757730e-01
2.384185492965343e-02	-3.149383e-04	-3.318102e+00	3.325710e-01
2.403716742965343e-02	-3.518810e-04	-2.836924e+00	2.843669e-01
2.423247992965344e-02	-3.833635e-04	-2.312955e+00	2.318856e-01
2.442779242965344e-02	-4.089121e-04	-1.754074e+00	1.759165e-01
2.462310492965344e-02	-4.281427e-04	-1.168689e+00	1.173015e-01
2.481841742965344e-02	-4.407658e-04	-5.656041e-01	5.692217e-02
2.501372992965345e-02	-4.465916e-04	4.611008e-02	-4.313331e-03
2.520904242965345e-02	-4.455326e-04	6.572525e-01	-6.548395e-02
2.540435492965345e-02	-4.376045e-04	1.258631e+00	-1.256696e-01
2.559966742965345e-02	-4.229267e-04	1.841200e+00	-1.839651e-01
2.579497992965346e-02	-4.017200e-04	2.396198e+00	-2.394936e-01
2.599029242965346e-02	-3.743033e-04	2.915277e+00	-2.914199e-01
2.618560492965346e-02	-3.410892e-04	3.390629e+00	-3.389629e-01
2.638091742965347e-02	-3.025770e-04	3.815104e+00	-3.814077e-01
2.657622992965347e-02	-2.593463e-04	4.182319e+00	-4.181157e-01
2.677154242965347e-02	-2.120471e-04	4.486749e+00	-4.485348e-01
2.696685492965347e-02	-1.613911e-04	4.723816e+00	-4.722076e-01
2.716216742965348e-02	-1.081399e-04	4.889955e+00	-4.887780e-01
2.735747992965348e-02	-5.309465e-05	4.982666e+00	-4.979966e-01
2.755279242965348e-02	2.916829e-06	5.000555e+00	-4.997250e-01
2.774810492965349e-02	5.905210e-05	4.943352e+00	-4.939370e-01
2.794341742965349e-02	1.144669e-04	4.811919e+00	-4.807197e-01
2.813872992965349e-02	1.683277e-04	4.608232e+00	-4.602719e-01
2.833404242965349e-02	2.198244e-04	4.335354e+00	-4.329013e-01
2.852935492965350e-02	2.681826e-04	3.997391e+00	-3.990194e-01
2.872466742965350e-02	3.126748e-04	3.599425e+00	-3.591358e-01
2.891997992965350e-02	3.526318e-04	3.147442e+00	-3.138506e-01
2.911529242965350e-02	3.874527e-04	2.648240e+00	-2.638447e-01
2.931060492965351e-02	4.166136e-04	2.109328e+00	-2.098704e-01
2.950591742965351e-02	4.396759e-04	1.538812e+00	-1.527394e-01
2.970122992965351e-02	4.562927e-04	9.452725e-01	-9.331108e-02
2.989654242965352e-02	4.662140e-04	3.376369e-01	-3.247927e-02
3.009185492965352e-02	4.692906e-04	-2.749552e-01	2.884106e-02
3.028716742965352e-02	4.654762e-04	-8.832900e-01	8.972760e-02
3.048247992965352e-02	4.548283e-04	-1.478217e+00	1.492645e-01
3.067779242965353e-02	4.375068e-04	-2.050789e+00	2.065564e-01
3.087310492965353e-02	4.137725e-04	-2.592394e+00	2.607415e-01
3.106841742965353e-02	3.839823e-04	-3.094884e+00	3.110048e-01
3.126372992965353e-02	3.485844e-04	-3.550703e+00	3.565902e-01
3.145904242965353e-02	3.081111e-04	-3.952994e+00	3.968122e-01
3.165435492965354e-02	2.631714e-04	-4.295706e+00	4.310658e-01
3.184966742965354e-02	2.144411e-04	-4.573686e+00	4.588358e-01
3.204497992965354e-02	1.626531e-04	-4.782751e+00	4.797045e-01
3.224029242965355e-02	1.085864e-04	-4.919757e+00	4.933579e-01
3.243560492965355e-02	5.305423e-05	-4.982643e+00	4.995908e-01
3.263091742965355e-02	-3.108250e-06	-4.970465e+00	4.983094e-01
3.282622992965355e-02	-5.905632e-05	-4.883404e+00	4.895329e-01
3.302154242965356e-02	-1.139485e-04	-4.722770e+00	4.733934e-01
3.321685492965356e-02	-1.669592e-04	-4.490980e+00	4.501337e-01
3.341216742965356e-02	-2.172911e-04	-4.191519e+00	4.201034e-01
3.360747992965357e-02	-2.641871e-04	-3.828892e+00	3.837545e-01
3.380279242965357e-02	-3.069420e-04	-3.408553e+00	3.416335e-01
3.399810492965357e-02	-3.449126e-04	-2.936825e+00	2.943741e-01
3.419341742965357e-02	-3.775277e-04	-2.420802e+00	2.426870e-01
3.438872992965358e-02	-4.042969e-04	-1.868246e+00	1.873496e-01
3.458404242965358e-02	-4.248173e-04	-1.287469e+00	1.291943e-01
3.477935492965358e-02	-4.387803e-04	-6.872044e-01	6.909586e-02
3.497466742965358e-02	-4.459759e-04	-7.648219e-02	7.958125e-03
3.516997992965359e-02	-4.462959e-04	5.355122e-01	-5.329931e-02
3.536529242965359e-02	-4.397354e-04	1.139574e+00	-1.137551e-01
3.556060492965359e-02	-4.263931e-04	1.726617e+00	-1.724999e-01
3.575591742965360e-02	-4.064697e-04	2.287812e+00	-2.286501e-01
3.595122992965360e-02	-3.802649e-04	2.814718e+00	-2.813612e-01
3.614654242965360e-02	-3.481730e-04	3.299410e+00	-3.298404e-01
3.634185492965360e-02	-3.106766e-04	3.734597e+00	-3.733584e-01
3.653716742965361e-02	-2.683396e-04	4.113735e+00	-4.112608e-01
3.673247992965361e-02	-2.217991e-04	4.431120e+00	-4.429775e-01
3.692779242965361e-02	-1.717549e-04	4.681978e+00	-4.680314e-01
3.712310492965362e-02	-1.189598e-04	4.862537e+00	-4.860456e-01
3.731841742965362e-02	-6.420779e-05	4.970081e+00	-4.967493e-01
3.751372992965362e-02	-8.322436e-06	5.002992e+00	-4.999814e-01
3.770904242965362e-02	4.785574e-05	4.960774e+00	-4.956933e-01
3.790435492965363e-02	1.034818e-04	4.844065e+00	-4.839495e-01
3.809966742965363e-02	1.577192e-04	4.654617e+00	-4.649267e-01
3.829497992965363e-02	2.097520e-04	4.395283e+00	-4.389109e-01
3.849029242965363e-02	2.587977e-04	4.069960e+00	-4.062935e-01
3.868560492965364e-02	3.041187e-04	3.683543e+00	-3.675651e-01
3.888091742965364e-02	3.450332e-04	3.241844e+00	-3.233082e-01
3.907622992965364e-02	3.809257e-04	2.751507e+00	-2.741884e-01
3.927154242965365e-02	4.112565e-04	2.219906e+00	-2.209445e-01
3.946685492965365e-02	4.355694e-04	1.655038e+00	-1.643775e-01
3.966216742965365e-02	4.534984e-04	1.065398e+00	-1.053380e-01
3.985747992965365e-02	4.647740e-04	4.598550e-01	-4.471419e-02
4.015044867965366e-02	4.688693e-04	-4.583215e-01	4.719448e-02
4.034576117965366e-02	4.629941e-04	-1.063588e+00	1.077716e-01
4.054107367965366e-02	4.503226e-04	-1.652736e+00	1.667278e-01
4.073638617965367e-02	4.310455e-04	-2.216903e+00	2.231762e-01
4.093169867965367e-02	4.054526e-04	-2.747604e+00	2.762679e-01
4.112701117965367e-02	3.739291e-04	-3.236857e+00	3.252042e-01
4.132232367965367e-02	3.369490e-04	-3.677302e+00	3.692492e-01
4.151763617965368e-02	2.950687e-04	-4.062316e+00	4.077403e-01
4.171294867965368e-02	2.489180e-04	-4.386107e+00	4.400986e-01
4.190826117965368e-02	1.991911e-04	-4.643805e+00	4.658374e-01
4.210357367965369e-02	1.466359e-04	-4.831534e+00	4.845696e-01
4.229888617965369e-02	9.204295e-05	-4.946470e+00	4.960134e-01
4.249419867965369e-02	3.623330e-05	-4.986885e+00	4.999967e-01
4.268951117965369e-02	-1.995365e-05	-4.952171e+00	4.964596e-01
4.288482367965370e-02	-7.567283e-05	-4.842850e+00	4.854552e-01
4.308013617965370e-02	-1.300862e-04	-4.660566e+00	4.671492e-01
4.327544867965370e-02	-1.823754e-04	-4.408061e+00	4.418168e-01
4.347076117965371e-02	-2.317539e-04	-4.089133e+00	4.098391e-01
4.366607367965371e-02	-2.774790e-04	-3.708578e+00	3.716970e-01
4.386138617965371e-02	-3.188630e-04	-3.272122e+00	3.279643e-01
4.405669867965371e-02	-3.552834e-04	-2.786328e+00	2.792987e-01
4.425201117965372e-02	-3.861924e-04	-2.258502e+00	2.264321e-01
4.444732367965372e-02	-4.111250e-04	-1.696586e+00	1.701598e-01
4.464263617965372e-02	-4.297062e-04	-1.109029e+00	1.113281e-01
4.483794867965372e-02	-4.416565e-04	-5.046697e-01	5.082200e-02
4.513091742965373e-02	-4.467837e-04	4.134542e-01	-4.108256e-02
4.532622992965373e-02	-4.415947e-04	1.019835e+00	-1.017720e-01
4.552154242965373e-02	-4.295959e-04	1.610998e+00	-1.609307e-01
4.571685492965374e-02	-4.109679e-04	2.178053e+00	-2.176688e-01
4.591216742965374e-02	-3.859908e-04	2.712469e+00	-2.711330e-01
4.610747992965374e-02	-3.550404e-04	3.206209e+00	-3.205191e-01
4.630279242965375e-02	-3.185822e-04	3.651846e+00	-3.650843e-01
4.649810492965375e-02	-2.771647e-04	4.042678e+00	-4.041583e-01
4.669341742965375e-02	-2.314107e-04	4.372826e+00	-4.371533e-01
4.688872992965375e-02	-1.820086e-04	4.637324e+00	-4.635732e-01
4.708404242965376e-02	-1.297012e-04	4.832195e+00	-4.830205e-01
4.727935492965376e-02	-7.527553e-05	4.954507e+00	-4.952027e-01
4.747466742965376e-02	-1.954997e-05	5.002420e+00	-4.999367e-01
4.766997992965376e-02	3.663728e-05	4.975214e+00	-4.971511e-01
4.786529242965377e-02	9.244116e-05	4.873298e+00	-4.868878e-01
4.806060492965377e-02	1.470224e-04	4.698205e+00	-4.693014e-01
4.825591742965377e-02	1.995599e-04	4.452568e+00	-4.446562e-01
4.845122992965378e-02	2.492637e-04	4.140082e+00	-4.133230e-01
4.864654242965378e-02	2.953861e-04	3.765448e+00	-3.757730e-01
4.884185492965378e-02	3.372334e-04	3.334299e+00	-3.325710e-01
4.903716742965378e-02	3.741760e-04	2.853121e+00	-2.843669e-01
4.923247992965379e-02	4.056585e-04	2.329151e+00	-2.318856e-01
4.942779242965379e-02	4.312071e-04	1.770271e+00	-1.759165e-01
4.962310492965379e-02	4.504377e-04	1.184886e+00	-1.173015e-01
4.981841742965380e-02	4.630608e-04	5.818009e-01	-5.692217e-02
5.001372992965380e-02	4.688866e-04	-2.991324e-02	4.313331e-03
5.020904242965380e-02	4.678275e-04	-6.410556e-01	6.548395e-02
5.040435492965380e-02	4.598995e-04	-1.242434e+00	1.256696e-01
5.059966742965381e-02	4.452217e-04	-1.825003e+00	1.839651e-01
5.079497992965381e-02	4.240150e-04	-2.380001e+00	2.394936e-01
5.099029242965381e-02	3.965984e-04	-2.899080e+00	2.914199e-01
5.118560492965381e-02	3.633842e-04	-3.374432e+00	3.389629e-01
5.138091742965382e-02	3.248721e-04	-3.798907e+00	3.814077e-01
5.157622992965382e-02	2.816414e-04	-4.166121e+00	4.181157e-01
5.177154242965382e-02	2.343423e-04	-4.470552e+00	4.485348e-01
5.196685492965383e-02	1.836862e-04	-4.707620e+00	4.722076e-01
5.216216742965383e-02	1.304351e-04	-4.873758e+00	4.887780e-01
5.235747992965383e-02	7.538986e-05	-4.966469e+00	4.979966e-01
5.255279242965383e-02	1.937838e-05	-4.984358e+00	4.997250e-01
5.274810492965384e-02	-3.675689e-05	-4.927155e+00	4.939370e-01
5.294341742965384e-02	-9.217167e-05	-4.795722e+00	4.807197e-01
5.313872992965384e-02	-1.460325e-04	-4.592035e+00	4.602719e-01
5.333404242965385e-02	-1.975293e-04	-4.319158e+00	4.329013e-01
5.352935492965385e-02	-2.458875e-04	-3.981194e+00	3.990194e-01
5.372466742965385e-02	-2.903797e-04	-3.583228e+00	3.591358e-01
5.391997992965385e-02	-3.303367e-04	-3.131245e+00	3.138506e-01
5.411529242965386e-02	-3.651576e-04	-2.632043e+00	2.638447e-01
5.431060492965386e-02	-3.943185e-04	-2.093132e+00	2.098704e-01
5.450591742965386e-02	-4.173809e-04	-1.522615e+00	1.527394e-01
5.470122992965386e-02	-4.339977e-04	-9.290757e-01	9.331108e-02
5.489654242965387e-02	-4.439190e-04	-3.214401e-01	3.247927e-02
5.509185492965387e-02	-4.469956e-04	2.911521e-01	-2.884106e-02
5.528716742965387e-02	-4.431813e-04	8.994868e-01	-8.972760e-02
5.548247992965388e-02	-4.325332e-04	1.494414e+00	-1.492645e-01
5.567779242965388e-02	-4.152118e-04	2.066986e+00	-2.065564e-01
5.587310492965388e-02	-3.914775e-04	2.608591e+00	-2.607415e-01
5.606841742965388e-02	-3.616873e-04	3.111081e+00	-3.110048e-01
5.626372992965389e-02	-3.262893e-04	3.566900e+00	-3.565902e-01
5.645904242965389e-02	-2.858160e-04	3.969191e+00	-3.968122e-01
5.665435492965389e-02	-2.408763e-04	4.311903e+00	-4.310658e-01
5.684966742965390e-02	-1.921459e-04	4.589882e+00	-4.588358e-01
5.704497992965390e-02	-1.403579e-04	4.798947e+00	-4.797045e-01
5.724029242965390e-02	-8.629121e-05	4.935954e+00	-4.933579e-01
5.743560492965390e-02	-3.075902e-05	4.998840e+00	-4.995908e-01
5.763091742965391e-02	2.540346e-05	4.986661e+00	-4.983094e-01
5.782622992965391e-02	8.135152e-05	4.899601e+00	-4.895329e-01
5.802154242965391e-02	1.362437e-04	4.738967e+00	-4.733934e-01
5.821685492965391e-02	1.892544e-04	4.507176e+00	-4.501337e-01
5.841216742965392e-02	2.395863e-04	4.207716e+00	-4.201034e-01
5.860747992965392e-02	2.864823e-04	3.845089e+00	-3.837545e-01
5.880279242965392e-02	3.292371e-04	3.424750e+00	-3.416335e-01
5.899810492965393e-02	3.672077e-04	2.953022e+00	-2.943741e-01
5.919341742965393e-02	3.998228e-04	2.436999e+00	-2.426870e-01
5.938872992965393e-02	4.265919e-04	1.884443e+00	-1.873496e-01
5.958404242965393e-02	4.471123e-04	1.303665e+00	-1.291943e-01
5.977935492965394e-02	4.610753e-04	7.034012e-01	-6.909586e-02
5.997466742965394e-02	4.682709e-04	9.267904e-02	-7.958125e-03
6.016997992965394e-02	4.685909e-04	-5.193154e-01	5.329931e-02
6.036529242965395e-02	4.620304e-04	-1.123377e+00	1.137551e-01
6.056060492965395e-02	4.486881e-04	-1.710420e+00	1.724999e-01
6.075591742965395e-02	4.287648e-04	-2.271615e+00	2.286501e-01
6.095122992965395e-02	4.025600e-04	-2.798521e+00	2.813612e-01
6.114654242965396e-02	3.704681e-04	-3.283213e+00	3.298404e-01
6.134185492965396e-02	3.329717e-04	-3.718400e+00	3.733584e-01
6.153716742965396e-02	2.906348e-04	-4.097538e+00	4.112608e-01
6.173247992965396e-02	2.440942e-04	-4.414923e+00	4.429775e-01
6.192779242965397e-02	1.940501e-04	-4.665781e+00	4.680314e-01
6.212310492965397e-02	1.412550e-04	-4.846340e+00	4.860456e-01
6.231841742965397e-02	8.650299e-05	-4.953884e+00	4.967493e-01
6.251372992965397e-02	3.061764e-05	-4.986795e+00	4.999814e-01
6.270904242965396e-02	-2.556054e-05	-4.944578e+00	4.956933e-01
6.290435492965395e-02	-8.118662e-05	-4.827868e+00	4.839495e-01
6.309966742965394e-02	-1.354240e-04	-4.638421e+00	4.649267e-01
6.329497992965392e-02	-1.874568e-04	-4.379086e+00	4.389109e-01
6.349029242965391e-02	-2.365026e-04	-4.053763e+00	4.062935e-01
6.368560492965390e-02	-2.818236e-04	-3.667346e+00	3.675651e-01
6.388091742965389e-02	-3.227381e-04	-3.225647e+00	3.233082e-01
6.407622992965388e-02	-3.586307e-04	-2.735310e+00	2.741884e-01
6.427154242965387e-02	-3.889615e-04	-2.203709e+00	2.209445e-01
6.446685492965386e-02	-4.132743e-04	-1.638841e+00	1.643775e-01
6.466216742965385e-02	-4.312034e-04	-1.049201e+00	1.053380e-01
6.485747992965384e-02	-4.424790e-04	-4.436581e-01	4.471419e-02
6.515044867965382e-02	-4.465743e-04	4.745183e-01	-4.719448e-02
6.534576117965381e-02	-4.406990e-04	1.079785e+00	-1.077716e-01
6.554107367965380e-02	-4.280276e-04	1.668933e+00	-1.667278e-01
6.573638617965379e-02	-4.087504e-04	2.233100e+00	-2.231762e-01
6.593169867965377e-02	-3.831576e-04	2.763801e+00	-2.762679e-01
6.612701117965376e-02	-3.516340e-04	3.253054e+00	-3.252042e-01
6.632232367965375e-02	-3.146539e-04	3.693499e+00	-3.692492e-01
6.651763617965374e-02	-2.727736e-04	4.078513e+00	-4.077403e-01
6.671294867965373e-02	-2.266228e-04	4.402304e+00	-4.400986e-01
6.690826117965372e-02	-1.768959e-04	4.660002e+00	-4.658374e-01
6.710357367965371e-02	-1.243407e-04	4.847731e+00	-4.845696e-01
6.729888617965370e-02	-6.974774e-05	4.962667e+00	-4.960134e-01
6.749419867965369e-02	-1.393809e-05	5.003082e+00	-4.999967e-01
6.768951117965367e-02	4.224885e-05	4.968368e+00	-4.964596e-01
6.788482367965366e-02	9.796803e-05	4.859047e+00	-4.854552e-01
6.808013617965365e-02	1.523814e-04	4.676763e+00	-4.671492e-01
6.827544867965364e-02	2.046705e-04	4.424258e+00	-4.418168e-01
6.847076117965363e-02	2.540490e-04	4.105330e+00	-4.098391e-01
6.866607367965362e-02	2.997741e-04	3.724775e+00	-3.716970e-01
6.886138617965361e-02	3.411581e-04	3.288319e+00	-3.279643e-01
6.905669867965360e-02	3.775785e-04	2.802524e+00	-2.792987e-01
6.925201117965359e-02	4.084874e-04	2.274699e+00	-2.264321e-01
6.944732367965357e-02	4.334200e-04	1.712783e+00	-1.701598e-01
6.964263617965356e-02	4.520012e-04	1.125226e+00	-1.113281e-01
6.983794867965355e-02	4.639515e-04	5.208665e-01	-5.082200e-02
7.013091742965354e-02	4.690787e-04	-3.972574e-01	4.108256e-02
7.032622992965352e-02	4.638897e-04	-1.003638e+00	1.017720e-01
7.052154242965351e-02	4.518909e-04	-1.594802e+00	1.609307e-01
7.071685492965350e-02	4.332629e-04	-2.161856e+00	2.176688e-01
7.091216742965349e-02	4.082859e-04	-2.696272e+00	2.711330e-01
7.110747992965348e-02	3.773355e-04	-3.190012e+00	3.205191e-01
7.130279242965347e-02	3.408773e-04	-3.635649e+00	3.650843e-01
7.149810492965346e-02	2.994598e-04	-4.026481e+00	4.041583e-01
7.169341742965345e-02	2.537059e-04	-4.356629e+00	4.371533e-01
7.188872992965344e-02	2.043037e-04	-4.621128e+00	4.635732e-01
7.208404242965342e-02	1.519964e-04	-4.815999e+00	4.830205e-01
7.227935492965341e-02	9.757073e-05	-4.938310e+00	4.952027e-01
7.247466742965340e-02	4.184518e-05	-4.986223e+00	4.999367e-01
7.266997992965339e-02	-1.434207e-05	-4.959017e+00	4.971511e-01
7.286529242965338e-02	-7.014595e-05	-4.857101e+00	4.868878e-01
7.306060492965337e-02	-1.247272e-04	-4.682008e+00	4.693014e-01
7.325591742965336e-02	-1.772648e-04	-4.436371e+00	4.446562e-01
7.345122992965335e-02	-2.269686e-04	-4.123885e+00	4.133230e-01
7.364654242965334e-02	-2.730910e-04	-3.749251e+00	3.757730e-01
7.384185492965332e-02	-3.149383e-04	-3.318102e+00	3.325710e-01
7.403716742965331e-02	-3.518810e-04	-2.836924e+00	2.843669e-01
7.423247992965330e-02	-3.833635e-04	-2.312955e+00	2.318856e-01
7.442779242965329e-02	-4.089121e-04	-1.754074e+00	1.759165e-01
7.462310492965328e-02	-4.281426e-04	-1.168689e+00	1.173015e-01
7.481841742965327e-02	-4.407658e-04	-5.656041e-01	5.692217e-02
7.501372992965326e-02	-4.465916e-04	4.611008e-02	-4.313331e-03
7.520904242965325e-02	-4.455326e-04	6.572525e-01	-6.548395e-02
7.540435492965324e-02	-4.376045e-04	1.258631e+00	-1.256696e-01
7.559966742965323e-02	-4.229267e-04	1.841200e+00	-1.839651e-01
7.579497992965321e-02	-4.017200e-04	2.396198e+00	-2.394936e-01
7.599029242965320e-02	-3.743033e-04	2.915277e+00	-2.914199e-01
7.618560492965319e-02	-3.410892e-04	3.390629e+00	-3.389629e-01
7.638091742965318e-02	-3.025770e-04	3.815104e+00	-3.814077e-01
7.657622992965317e-02	-2.593463e-04	4.182319e+00	-4.181157e-01
7.677154242965316e-02	-2.120471e-04	4.486749e+00	-4.485348e-01
7.696685492965315e-02	-1.613911e-04	4.723816e+00	-4.722076e-01
7.716216742965314e-02	-1.081399e-04	4.889955e+00	-4.887780e-01
7.735747992965313e-02	-5.309465e-05	4.982666e+00	-4.979966e-01
7.755279242965311e-02	2.916830e-06	5.000555e+00	-4.997250e-01
7.774810492965310e-02	5.905210e-05	4.943352e+00	-4.939370e-01
7.794341742965309e-02	1.144669e-04	4.811919e+00	-4.807197e-01
7.813872992965308e-02	1.683277e-04	4.608232e+00	-4.602719e-01
7.833404242965307e-02	2.198244e-04	4.335354e+00	-4.329013e-01
7.852935492965306e-02	2.681826e-04	3.997391e+00	-3.990194e-01
7.872466742965305e-02	3.126748e-04	3.599425e+00	-3.591358e-01
7.891997992965304e-02	3.526318e-04	3.147442e+00	-3.138506e-01
7.911529242965303e-02	3.874527e-04	2.648240e+00	-2.638447e-01
7.931060492965301e-02	4.166136e-04	2.109328e+00	-2.098704e-01
7.950591742965300e-02	4.396759e-04	1.538812e+00	-1.527394e-01
7.970122992965299e-02	4.562927e-04	9.452725e-01	-9.331108e-02
7.989654242965298e-02	4.662140e-04	3.376369e-01	-3.247927e-02
8.009185492965297e-02	4.692906e-04	-2.749552e-01	2.884106e-02
8.028716742965296e-02	4.654762e-04	-8.832900e-01	8.972760e-02
8.048247992965295e-02	4.548282e-04	-1.478217e+00	1.492645e-01
8.067779242965294e-02	4.375068e-04	-2.050789e+00	2.065564e-01
8.087310492965293e-02	4.137725e-04	-2.592394e+00	2.607415e-01
8.106841742965291e-02	3.839823e-04	-3.094884e+00	3.110048e-01
8.126372992965290e-02	3.485844e-04	-3.550703e+00	3.565902e-01
8.145904242965289e-02	3.081111e-04	-3.952994e+00	3.968122e-01
8.165435492965288e-02	2.631714e-04	-4.295706e+00	4.310658e-01
8.184966742965287e-02	2.144411e-04	-4.573686e+00	4.588358e-01
8.204497992965286e-02	1.626531e-04	-4.782751e+00	4.797045e-01
8.224029242965285e-02	1.085864e-04	-4.919757e+00	4.933579e-01
8.243560492965284e-02	5.305423e-05	-4.982643e+00	4.995908e-01
8.263091742965283e-02	-3.108250e-06	-4.970465e+00	4.983094e-01
8.282622992965281e-02	-5.905632e-05	-4.883404e+00	4.895329e-01
8.302154242965280e-02	-1.139485e-04	-4.722770e+00	4.733934e-01
8.321685492965279e-02	-1.669592e-04	-4.490980e+00	4.501337e-01
8.341216742965278e-02	-2.172911e-04	-4.191519e+00	4.201034e-01
8.360747992965277e-02	-2.641872e-04	-3.828892e+00	3.837545e-01
8.380279242965276e-02	-3.069420e-04	-3.408553e+00	3.416335e-01
8.399810492965275e-02	-3.449126e-04	-2.936825e+00	2.943741e-01
8.419341742965274e-02	-3.775278e-04	-2.420802e+00	2.426870e-01
8.438872992965273e-02	-4.042969e-04	-1.868246e+00	1.873496e-01
8.458404242965271e-02	-4.248173e-04	-1.287469e+00	1.291943e-01
8.477935492965270e-02	-4.387803e-04	-6.872044e-01	6.909586e-02
8.497466742965269e-02	-4.459760e-04	-7.648219e-02	7.958125e-03
8.516997992965268e-02	-4.462959e-04	5.355122e-01	-5.329931e-02
8.536529242965267e-02	-4.397354e-04	1.139574e+00	-1.137551e-01
8.556060492965266e-02	-4.263931e-04	1.726617e+00	-1.724999e-01
8.575591742965265e-02	-4.064697e-04	2.287812e+00	-2.286501e-01
8.595122992965264e-02	-3.802649e-04	2.814718e+00	-2.813612e-01
8.614654242965263e-02	-3.481730e-04	3.299410e+00	-3.298404e-01
8.634185492965261e-02	-3.106766e-04	3.734597e+00	-3.733584e-01
8.653716742965260e-02	-2.683396e-04	4.113735e+00	-4.112608e-01
8.673247992965259e-02	-2.217991e-04	4.431120e+00	-4.429775e-01
8.692779242965258e-02	-1.717549e-04	4.681978e+00	-4.680314e-01
8.712310492965257e-02	-1.189598e-04	4.862537e+00	-4.860456e-01
8.731841742965256e-02	-6.420779e-05	4.970081e+00	-4.967493e-01
8.751372992965255e-02	-8.322435e-06	5.002992e+00	-4.999814e-01
8.770904242965254e-02	4.785574e-05	4.960774e+00	-4.956933e-01
8.790435492965253e-02	1.034818e-04	4.844065e+00	-4.839495e-01
8.809966742965251e-02	1.577192e-04	4.654617e+00	-4.649267e-01
8.829497992965250e-02	2.097520e-04	4.395283e+00	-4.389109e-01
8.849029242965249e-02	2.587978e-04	4.069960e+00	-4.062935e-01
8.868560492965248e-02	3.041187e-04	3.683543e+00	-3.675651e-01
8.888091742965247e-02	3.450332e-04	3.241844e+00	-3.233082e-01
8.907622992965246e-02	3.809257e-04	2.751507e+00	-2.741884e-01
8.927154242965245e-02	4.112566e-04	2.219906e+00	-2.209445e-01
8.946685492965244e-02	4.355694e-04	1.655038e+00	-1.643775e-01
8.966216742965243e-02	4.534984e-04	1.065398e+00	-1.053380e-01
8.985747992965241e-02	4.647740e-04	4.598550e-01	-4.471419e-02
9.015044867965240e-02	4.688693e-04	-4.583215e-01	4.719448e-02
9.034576117965239e-02	4.629941e-04	-1.063588e+00	1.077716e-01
9.054107367965238e-02	4.503226e-04	-1.652736e+00	1.667278e-01
9.073638617965236e-02	4.310455e-04	-2.216903e+00	2.231762e-01
9.093169867965235e-02	4.054526e-04	-2.747604e+00	2.762679e-01
9.112701117965234e-02	3.739291e-04	-3.236857e+00	3.252042e-01
9.132232367965233e-02	3.369490e-04	-3.677302e+00	3.692492e-01
9.151763617965232e-02	2.950687e-04	-4.062316e+00	4.077403e-01
9.171294867965231e-02	2.489180e-04	-4.386107e+00	4.400986e-01
9.190826117965230e-02	1.991911e-04	-4.643805e+00	4.658374e-01
9.210357367965229e-02	1.466359e-04	-4.831534e+00	4.845696e-01
9.229888617965228e-02	9.204295e-05	-4.946470e+00	4.960134e-01
9.249419867965226e-02	3.623330e-05	-4.986885e+00	4.999967e-01
9.268951117965225e-02	-1.995365e-05	-4.952171e+00	4.964596e-01
9.288482367965224e-02	-7.567283e-05	-4.842850e+00	4.854552e-01
9.308013617965223e-02	-1.300862e-04	-4.660566e+00	4.671492e-01
9.327544867965222e-02	-1.823754e-04	-4.408061e+00	4.418168e-01
9.347076117965221e-02	-2.317539e-04	-4.089133e+00	4.098391e-01
9.366607367965220e-02	-2.774790e-04	-3.708578e+00	3.716970e-01
9.386138617965219e-02	-3.188630e-04	-3.272122e+00	3.279643e-01
9.405669867965218e-02	-3.552834e-04	-2.786328e+00	2.792987e-01
9.425201117965216e-02	-3.861924e-04	-2.258502e+00	2.264321e-01
9.444732367965215e-02	-4.111250e-04	-1.696586e+00	1.701598e-01
9.464263617965214e-02	-4.297062e-04	-1.109029e+00	1.113281e-01
9.483794867965213e-02	-4.416565e-04	-5.046697e-01	5.082200e-02
9.513091742965211e-02	-4.467837e-04	4.134542e-01	-4.108256e-02
9.532622992965210e-02	-4.415947e-04	1.019835e+00	-1.017720e-01
9.552154242965209e-02	-4.295959e-04	1.610998e+00	-1.609307e-01
9.571685492965208e-02	-4.109679e-04	2.178053e+00	-2.176688e-01
9.591216742965207e-02	-3.859908e-04	2.712469e+00	-2.711330e-01
9.610747992965206e-02	-3.550404e-04	3.206209e+00	-3.205191e-01
9.630279242965205e-02	-3.185822e-04	3.651846e+00	-3.650843e-01
9.649810492965204e-02	-2.771647e-04	4.042678e+00	-4.041583e-01
9.669341742965203e-02	-2.314107e-04	4.372826e+00	-4.371533e-01
9.688872992965201e-02	-1.820086e-04	4.637324e+00	-4.635732e-01
9.708404242965200e-02	-1.297012e-04	4.832195e+00	-4.830205e-01
9.727935492965199e-02	-7.527553e-05	4.954507e+00	-4.952027e-01
9.747466742965198e-02	-1.954997e-05	5.002420e+00	-4.999367e-01
9.766997992965197e-02	3.663728e-05	4.975214e+00	-4.971511e-01
9.786529242965196e-02	9.244116e-05	4.873298e+00	-4.868878e-01
9.796294867965195e-02	1.199365e-04	4.794759e+00	-4.789960e-01
9.815826117965194e-02	1.735968e-04	4.583998e+00	-4.578404e-01
9.835357367965193e-02	2.248139e-04	4.304410e+00	-4.297984e-01
9.854888617965192e-02	2.728173e-04	3.960202e+00	-3.952919e-01
9.874419867965191e-02	3.168851e-04	3.556551e+00	-3.548398e-01
9.893951117965190e-02	3.563543e-04	3.099528e+00	-3.090505e-01
9.913482367965189e-02	3.906314e-04	2.596006e+00	-2.586129e-01
9.933013617965188e-02	4.192007e-04	2.053561e+00	-2.042855e-01
9.952544867965187e-02	4.416325e-04	1.480349e+00	-1.468854e-01
9.972076117965185e-02	4.575894e-04	8.849937e-01	-8.727608e-02
9.991607367965184e-02	4.668722e-04	2.764725e-01	-2.635401e-02
1.000000000000000e-01	4.690601e-04	1.318142e-02	2.328067e-15
