time	V(vi)	V(vo)
0.000000000000000e+00	0.000000e+00	2.439151e+00
2.763292143750681e-06	3.472513e-03	2.398063e+00
5.526584287501361e-06	6.944892e-03	2.278337e+00
8.289876431252042e-06	1.041714e-02	2.079973e+00
1.105316857500272e-05	1.388925e-02	1.802971e+00
1.381646071875340e-05	1.736123e-02	1.447330e+00
1.657975286250408e-05	2.083308e-02	1.013051e+00
1.934304500625476e-05	2.430479e-02	5.001346e-01
3.851445460560777e-05	4.837980e-02	-4.287706e+00
5.957911407281758e-05	7.479940e-02	-1.066298e+01
6.939000355459298e-05	8.708759e-02	-1.287741e+01
7.100391587121205e-05	8.910780e-02	-1.299794e+01
9.359868830387915e-05	1.173486e-01	-1.300330e+01
1.447082488766388e-04	1.808452e-01	-1.300488e+01
2.345848405706513e-04	2.905370e-01	-1.300516e+01
3.322410905706512e-04	4.054824e-01	-1.300518e+01
4.298973405706512e-04	5.143289e-01	-1.300519e+01
5.275535905706512e-04	6.154395e-01	-1.300521e+01
6.252098405706513e-04	7.072932e-01	-1.300522e+01
7.228660905706514e-04	7.885087e-01	-1.300523e+01
8.205223405706515e-04	8.578641e-01	-1.300524e+01
9.181785905706516e-04	9.143166e-01	-1.300525e+01
1.015834840570652e-03	9.570168e-01	-1.300525e+01
1.113491090570652e-03	9.853227e-01	-1.300526e+01
1.211147340570652e-03	9.988084e-01	-1.300526e+01
1.308803590570652e-03	9.972710e-01	-1.300526e+01
1.406459840570652e-03	9.807338e-01	-1.300526e+01
1.504116090570652e-03	9.494454e-01	-1.300525e+01
1.601772340570652e-03	9.038765e-01	-1.300525e+01
1.699428590570652e-03	8.447124e-01	-1.300524e+01
1.797084840570652e-03	7.728431e-01	-1.300523e+01
1.894741090570652e-03	6.893495e-01	-1.300522e+01
1.992397340570652e-03	5.954875e-01	-1.300521e+01
2.090053590570652e-03	4.926687e-01	-1.300519e+01
2.187709840570652e-03	3.824398e-01	-1.300518e+01
2.285366090570651e-03	2.664586e-01	-1.300515e+01
2.334194215570651e-03	2.068534e-01	-1.300501e+01
2.383022340570651e-03	1.464696e-01	-1.300381e+01
2.431850465570651e-03	8.553459e-02	-1.299797e+01
2.467125247302774e-03	4.129988e-02	-1.288608e+01
2.504449106052884e-03	-5.590883e-03	-1.163858e+01
2.528527958237626e-03	-3.584161e-02	-8.329875e+00
2.549332590601026e-03	-6.195346e-02	-2.341069e+00
2.570679070428847e-03	-8.870121e-02	6.226817e+00
2.583222880382499e-03	-1.043904e-01	1.110032e+01
2.591589489954038e-03	-1.148408e-01	1.293151e+01
2.593011564217549e-03	-1.166158e-01	1.300388e+01
2.612582525551502e-03	-1.410332e-01	1.300430e+01
2.632153486885455e-03	-1.653312e-01	1.300464e+01
2.651724448219408e-03	-1.895097e-01	1.300490e+01
2.671295409553361e-03	-2.135687e-01	1.300508e+01
2.690866370887314e-03	-2.375084e-01	1.300517e+01
2.710437332221266e-03	-2.613285e-01	1.300519e+01
2.730008293555219e-03	-2.850293e-01	1.300513e+01
2.827664543555219e-03	-4.002186e-01	1.300513e+01
2.925320793555218e-03	-5.093884e-01	1.300513e+01
3.022977043555218e-03	-6.108964e-01	1.300513e+01
3.120633293555218e-03	-7.032160e-01	1.300513e+01
3.218289543555217e-03	-7.849586e-01	1.300513e+01
3.315945793555217e-03	-8.548946e-01	1.300513e+01
3.413602043555217e-03	-9.119723e-01	1.300513e+01
3.511258293555216e-03	-9.553331e-01	1.300513e+01
3.608914543555216e-03	-9.843247e-01	1.300513e+01
3.706570793555216e-03	-9.985112e-01	1.300513e+01
3.804227043555215e-03	-9.976791e-01	1.300513e+01
3.901883293555215e-03	-9.818410e-01	1.300513e+01
3.999539543555215e-03	-9.512352e-01	1.300513e+01
4.097195793555214e-03	-9.063218e-01	1.300513e+01
4.194852043555214e-03	-8.477765e-01	1.300513e+01
4.292508293555214e-03	-7.764800e-01	1.300513e+01
4.390164543555213e-03	-6.935043e-01	1.300513e+01
4.487820793555213e-03	-6.000978e-01	1.300513e+01
4.585477043555213e-03	-4.976652e-01	1.300513e+01
4.683133293555212e-03	-3.877473e-01	1.300513e+01
4.780789543555212e-03	-2.719973e-01	1.300512e+01
4.829617668555212e-03	-2.124766e-01	1.300502e+01
4.878445793555211e-03	-1.521562e-01	1.300404e+01
4.927273918555211e-03	-9.126312e-02	1.299925e+01
4.961370157122858e-03	-4.852463e-02	1.297733e+01
5.000141601064476e-03	1.779411e-04	1.213535e+01
5.023861712805010e-03	2.998102e-02	9.461069e+00
5.044141980410248e-03	5.544201e-02	4.210412e+00
5.065782292028763e-03	8.257035e-02	-3.980583e+00
5.079080076537521e-03	9.921148e-02	-9.547461e+00
5.088201865828312e-03	1.106109e-01	-1.294096e+01
5.088976484050165e-03	1.115783e-01	-1.298961e+01
5.107299791055595e-03	1.344503e-01	-1.299852e+01
5.125623098061025e-03	1.572238e-01	-1.300519e+01
5.143946405066455e-03	1.798987e-01	-1.300964e+01
5.162269712071886e-03	2.024752e-01	-1.301186e+01
5.180593019077316e-03	2.249531e-01	-1.301185e+01
5.198916326082745e-03	2.473324e-01	-1.300962e+01
5.217239633088176e-03	2.696132e-01	-1.300515e+01
5.314895883088176e-03	3.854633e-01	-1.300518e+01
5.412552133088175e-03	4.955156e-01	-1.300519e+01
5.510208383088175e-03	5.981148e-01	-1.300521e+01
5.607864633088174e-03	6.917179e-01	-1.300522e+01
5.705520883088174e-03	7.749169e-01	-1.300523e+01
5.803177133088174e-03	8.464605e-01	-1.300524e+01
5.900833383088173e-03	9.052725e-01	-1.300525e+01
5.998489633088173e-03	9.504683e-01	-1.300525e+01
6.096145883088173e-03	9.813682e-01	-1.300526e+01
6.193802133088172e-03	9.975074e-01	-1.300526e+01
6.291458383088172e-03	9.986432e-01	-1.300526e+01
6.389114633088172e-03	9.847584e-01	-1.300526e+01
6.486770883088171e-03	9.560620e-01	-1.300525e+01
6.584427133088171e-03	9.129855e-01	-1.300525e+01
6.682083383088171e-03	8.561769e-01	-1.300524e+01
6.779739633088170e-03	7.864906e-01	-1.300523e+01
6.877395883088170e-03	7.049747e-01	-1.300522e+01
6.975052133088170e-03	6.128553e-01	-1.300521e+01
7.072708383088169e-03	5.115180e-01	-1.300519e+01
7.170364633088169e-03	4.024870e-01	-1.300518e+01
7.268020883088169e-03	2.874022e-01	-1.300516e+01
7.365677133088168e-03	1.679947e-01	-1.300454e+01
7.414505258088168e-03	1.072293e-01	-1.300148e+01
7.450581260644466e-03	6.206151e-02	-1.298882e+01
7.492747233006747e-03	9.113969e-03	-1.240112e+01
7.516672313556408e-03	-2.094951e-02	-1.039931e+01
7.536914591128861e-03	-4.637161e-02	-6.005718e+00
7.560082989427877e-03	-7.543080e-02	1.986510e+00
7.575148493795155e-03	-9.429409e-02	8.404213e+00
7.584997730463235e-03	-1.066083e-01	1.272609e+01
7.586088452883755e-03	-1.079710e-01	1.296646e+01
7.594035868823643e-03	-1.178958e-01	1.298716e+01
7.601983284763531e-03	-1.278065e-01	1.300280e+01
7.609930700703419e-03	-1.377034e-01	1.301335e+01
7.617878116643308e-03	-1.475862e-01	1.301884e+01
7.625825532583196e-03	-1.574552e-01	1.301925e+01
7.633772948523083e-03	-1.673101e-01	1.301459e+01
7.641720364462971e-03	-1.771512e-01	1.300486e+01
7.739376614462971e-03	-2.962935e-01	1.300513e+01
7.837032864462971e-03	-4.109793e-01	1.300513e+01
7.934689114462972e-03	-5.194836e-01	1.300513e+01
8.032345364462973e-03	-6.201743e-01	1.300513e+01
8.130001614462975e-03	-7.115371e-01	1.300513e+01
8.227657864462976e-03	-7.921977e-01	1.300513e+01
8.325314114462978e-03	-8.609429e-01	1.300513e+01
8.422970364462979e-03	-9.167387e-01	1.300513e+01
8.520626614462980e-03	-9.587459e-01	1.300513e+01
8.618282864462982e-03	-9.863327e-01	1.300513e+01
8.715939114462983e-03	-9.990841e-01	1.300513e+01
8.813595364462985e-03	-9.968084e-01	1.300513e+01
8.911251614462986e-03	-9.795398e-01	1.300513e+01
9.008907864462987e-03	-9.475379e-01	1.300513e+01
9.106564114462989e-03	-9.012842e-01	1.300513e+01
9.204220364462990e-03	-8.414744e-01	1.300513e+01
9.301876614462991e-03	-7.690079e-01	1.300513e+01
9.399532864462993e-03	-6.849749e-01	1.300513e+01
9.497189114462994e-03	-5.906392e-01	1.300513e+01
9.594845364462996e-03	-4.874198e-01	1.300513e+01
9.692501614462997e-03	-3.768691e-01	1.300513e+01
9.790157864462998e-03	-2.606500e-01	1.300511e+01
9.838985989462999e-03	-2.009584e-01	1.300495e+01
9.887814114463000e-03	-1.405104e-01	1.300350e+01
9.936642239463001e-03	-7.953362e-02	1.299637e+01
9.973047038057764e-03	-3.386362e-02	1.266576e+01
1.000942271535365e-02	1.184066e-02	1.070105e+01
1.003301870080451e-02	4.148062e-02	6.558154e+00
1.005820712498655e-02	7.308003e-02	-1.760210e+00
1.008335859927942e-02	1.045600e-01	-1.102737e+01
1.009367770463907e-02	1.174472e-01	-1.297740e+01
1.010862917923650e-02	1.360949e-01	-1.299310e+01
1.012358065383393e-02	1.546801e-01	-1.300488e+01
1.013853212843136e-02	1.732026e-01	-1.301275e+01
1.015348360302879e-02	1.916625e-01	-1.301671e+01
1.016843507762622e-02	2.100598e-01	-1.301676e+01
1.018338655222365e-02	2.283944e-01	-1.301290e+01
1.019833802682108e-02	2.466665e-01	-1.300513e+01
1.029599427682109e-02	3.634396e-01	-1.300517e+01
1.039365052682109e-02	4.747464e-01	-1.300519e+01
1.049130677682109e-02	5.789125e-01	-1.300520e+01
1.058896302682109e-02	6.743712e-01	-1.300522e+01
1.068661927682109e-02	7.596867e-01	-1.300523e+01
1.078427552682109e-02	8.335758e-01	-1.300524e+01
1.088193177682109e-02	8.949273e-01	-1.300525e+01
1.097958802682110e-02	9.428181e-01	-1.300525e+01
1.107724427682110e-02	9.765281e-01	-1.300526e+01
1.117490052682110e-02	9.955502e-01	-1.300526e+01
1.127255677682110e-02	9.995983e-01	-1.300526e+01
1.137021302682110e-02	9.886115e-01	-1.300526e+01
1.146786927682110e-02	9.627551e-01	-1.300525e+01
1.156552552682110e-02	9.224179e-01	-1.300525e+01
1.166318177682111e-02	8.682067e-01	-1.300524e+01
1.176083802682111e-02	8.009369e-01	-1.300523e+01
1.185849427682111e-02	7.216202e-01	-1.300522e+01
1.195615052682111e-02	6.314497e-01	-1.300521e+01
1.205380677682111e-02	5.317816e-01	-1.300520e+01
1.215146302682111e-02	4.241151e-01	-1.300518e+01
1.224911927682111e-02	3.100694e-01	-1.300516e+01
1.234677552682112e-02	1.913600e-01	-1.300489e+01
1.239560365182112e-02	1.308123e-01	-1.300289e+01
1.244443177682112e-02	6.977236e-02	-1.299263e+01
1.248298155655978e-02	2.138438e-02	-1.221602e+01
1.251926681232845e-02	-2.420902e-02	-8.737895e+00
1.254436672549621e-02	-5.572399e-02	-2.746361e+00
1.256872234501790e-02	-8.625174e-02	6.406259e+00
1.258130812295861e-02	-1.019971e-01	1.114439e+01
1.258984801403055e-02	-1.126666e-01	1.293724e+01
1.259129396653248e-02	-1.144719e-01	1.300422e+01
1.261107642083527e-02	-1.391603e-01	1.300443e+01
1.263085887513806e-02	-1.637274e-01	1.300462e+01
1.265064132944084e-02	-1.881732e-01	1.300477e+01
1.267042378374363e-02	-2.124978e-01	1.300490e+01
1.269020623804642e-02	-2.367010e-01	1.300500e+01
1.270998869234921e-02	-2.607830e-01	1.300508e+01
1.272977114665200e-02	-2.847436e-01	1.300513e+01
1.282742739665200e-02	-3.999455e-01	1.300513e+01
1.292508364665200e-02	-5.091319e-01	1.300513e+01
1.302273989665200e-02	-6.106604e-01	1.300513e+01
1.312039614665200e-02	-7.030041e-01	1.300513e+01
1.321805239665200e-02	-7.847739e-01	1.300513e+01
1.331570864665201e-02	-8.547400e-01	1.300513e+01
1.341336489665201e-02	-9.118500e-01	1.300513e+01
1.351102114665201e-02	-9.552449e-01	1.300513e+01
1.360867739665201e-02	-9.842721e-01	1.300513e+01
1.370633364665201e-02	-9.984949e-01	1.300513e+01
1.380398989665201e-02	-9.976994e-01	1.300513e+01
1.390164614665201e-02	-9.818975e-01	1.300513e+01
1.399930239665201e-02	-9.513270e-01	1.300513e+01
1.409695864665202e-02	-9.064477e-01	1.300513e+01
1.419461489665202e-02	-8.479345e-01	1.300513e+01
1.429227114665202e-02	-7.766677e-01	1.300513e+01
1.438992739665202e-02	-6.937190e-01	1.300513e+01
1.448758364665202e-02	-6.003362e-01	1.300513e+01
1.458523989665202e-02	-4.979237e-01	1.300513e+01
1.468289614665202e-02	-3.880220e-01	1.300513e+01
1.478055239665203e-02	-2.722841e-01	1.300512e+01
1.482938052165203e-02	-2.127678e-01	1.300502e+01
1.487820864665203e-02	-1.524507e-01	1.300405e+01
1.492703677165203e-02	-9.155989e-02	1.299930e+01
1.496112426419578e-02	-4.883326e-02	1.297786e+01
1.499996183705563e-02	-4.795697e-05	1.214204e+01
1.502369594738141e-02	2.977281e-02	9.481860e+00
1.504398720905934e-02	5.524781e-02	4.247039e+00
1.506565466339918e-02	8.241051e-02	-3.937936e+00
1.507894562053656e-02	9.904335e-02	-9.508931e+00
1.508808795840945e-02	1.104687e-01	-1.293907e+01
1.508887250257523e-02	1.114485e-01	-1.298922e+01
1.510723456157250e-02	1.343692e-01	-1.299836e+01
1.512559662056978e-02	1.571911e-01	-1.300522e+01
1.514395867956705e-02	1.799139e-01	-1.300979e+01
1.516232073856432e-02	2.025378e-01	-1.301206e+01
1.518068279756160e-02	2.250627e-01	-1.301205e+01
1.519904485655887e-02	2.474887e-01	-1.300974e+01
1.521740691555615e-02	2.698157e-01	-1.300515e+01
1.531506316555615e-02	3.856572e-01	-1.300518e+01
1.541271941555615e-02	4.956982e-01	-1.300519e+01
1.551037566555615e-02	5.982833e-01	-1.300521e+01
1.560803191555615e-02	6.918697e-01	-1.300522e+01
1.570568816555615e-02	7.750498e-01	-1.300523e+01
1.580334441555616e-02	8.465724e-01	-1.300524e+01
1.590100066555616e-02	9.053618e-01	-1.300525e+01
1.599865691555616e-02	9.505336e-01	-1.300525e+01
1.609631316555616e-02	9.814086e-01	-1.300526e+01
1.619396941555616e-02	9.975222e-01	-1.300526e+01
1.629162566555616e-02	9.986323e-01	-1.300526e+01
1.638928191555616e-02	9.847219e-01	-1.300526e+01
1.648693816555617e-02	9.560004e-01	-1.300525e+01
1.658459441555617e-02	9.128997e-01	-1.300525e+01
1.668225066555617e-02	8.560683e-01	-1.300524e+01
1.677990691555617e-02	7.863607e-01	-1.300523e+01
1.687756316555617e-02	7.048255e-01	-1.300522e+01
1.697521941555617e-02	6.126891e-01	-1.300521e+01
1.707287566555617e-02	5.113373e-01	-1.300519e+01
1.717053191555618e-02	4.022946e-01	-1.300518e+01
1.726818816555618e-02	2.872009e-01	-1.300516e+01
1.736584441555618e-02	1.677875e-01	-1.300453e+01
1.741467254055618e-02	1.070203e-01	-1.300146e+01
1.745069677831395e-02	6.191663e-02	-1.298876e+01
1.749281597745514e-02	9.027586e-03	-1.239756e+01
1.751676350375866e-02	-2.106408e-02	-1.038500e+01
1.753701546061853e-02	-4.649823e-02	-5.978019e+00
1.756016560299679e-02	-7.553431e-02	2.018496e+00
1.757518068596915e-02	-9.433436e-02	8.416778e+00
1.758501034855177e-02	-1.066241e-01	1.272667e+01
1.758610159791469e-02	-1.079875e-01	1.296671e+01
1.759405650184846e-02	-1.179215e-01	1.298728e+01
1.760201140578222e-02	-1.278416e-01	1.300280e+01
1.760996630971599e-02	-1.377477e-01	1.301329e+01
1.761792121364976e-02	-1.476398e-01	1.301874e+01
1.762587611758353e-02	-1.575179e-01	1.301915e+01
1.763383102151730e-02	-1.673821e-01	1.301452e+01
1.764178592545107e-02	-1.772322e-01	1.300486e+01
1.773944217545107e-02	-2.963722e-01	1.300513e+01
1.783709842545107e-02	-4.110544e-01	1.300513e+01
1.793475467545107e-02	-5.195540e-01	1.300513e+01
1.803241092545107e-02	-6.202390e-01	1.300513e+01
1.813006717545107e-02	-7.115950e-01	1.300513e+01
1.822772342545107e-02	-7.922480e-01	1.300513e+01
1.832537967545108e-02	-8.609848e-01	1.300513e+01
1.842303592545108e-02	-9.167716e-01	1.300513e+01
1.852069217545108e-02	-9.587693e-01	1.300513e+01
1.861834842545108e-02	-9.863463e-01	1.300513e+01
1.871600467545108e-02	-9.990876e-01	1.300513e+01
1.881366092545108e-02	-9.968018e-01	1.300513e+01
1.891131717545108e-02	-9.795231e-01	1.300513e+01
1.900897342545109e-02	-9.475116e-01	1.300513e+01
1.910662967545109e-02	-9.012485e-01	1.300513e+01
1.920428592545109e-02	-8.414298e-01	1.300513e+01
1.930194217545109e-02	-7.689552e-01	1.300513e+01
1.939959842545109e-02	-6.849149e-01	1.300513e+01
1.949725467545109e-02	-5.905728e-01	1.300513e+01
1.959491092545109e-02	-4.873479e-01	1.300513e+01
1.969256717545110e-02	-3.767928e-01	1.300513e+01
1.979022342545110e-02	-2.605704e-01	1.300511e+01
1.983905155045110e-02	-2.008777e-01	1.300495e+01
1.988787967545110e-02	-1.404289e-01	1.300350e+01
1.993670780045110e-02	-7.945149e-02	1.299634e+01
1.997313411183100e-02	-3.375426e-02	1.266233e+01
2.000949916627313e-02	1.193672e-02	1.068705e+01
2.003308455773711e-02	4.156331e-02	6.534435e+00
2.005829302062152e-02	7.318767e-02	-1.803371e+00
2.008352994279679e-02	1.047742e-01	-1.108479e+01
2.009383408836646e-02	1.176423e-01	-1.298360e+01
2.011544440426362e-02	1.445993e-01	-1.299613e+01
2.013705472016078e-02	1.714050e-01	-1.300552e+01
2.015866503605794e-02	1.980592e-01	-1.301175e+01
2.018027535195510e-02	2.245621e-01	-1.301483e+01
2.020188566785226e-02	2.509137e-01	-1.301476e+01
2.022349598374942e-02	2.771138e-01	-1.301154e+01
2.024510629964658e-02	3.031626e-01	-1.300516e+01
2.034276254964658e-02	4.175325e-01	-1.300518e+01
2.044041879964658e-02	5.256224e-01	-1.300519e+01
2.053807504964658e-02	6.258065e-01	-1.300521e+01
2.063573129964658e-02	7.165778e-01	-1.300522e+01
2.073338754964658e-02	7.965711e-01	-1.300523e+01
2.083104379964659e-02	8.645833e-01	-1.300524e+01
2.092870004964659e-02	9.195913e-01	-1.300525e+01
2.102635629964659e-02	9.607678e-01	-1.300525e+01
2.112401254964659e-02	9.874935e-01	-1.300526e+01
2.122166879964659e-02	9.993663e-01	-1.300526e+01
2.131932504964659e-02	9.962078e-01	-1.300526e+01
2.141698129964659e-02	9.780653e-01	-1.300526e+01
2.151463754964660e-02	9.452119e-01	-1.300525e+01
2.161229379964660e-02	8.981416e-01	-1.300525e+01
2.170995004964660e-02	8.375623e-01	-1.300524e+01
2.180760629964660e-02	7.643854e-01	-1.300523e+01
2.190526254964660e-02	6.797114e-01	-1.300522e+01
2.200291879964660e-02	5.848140e-01	-1.300520e+01
2.210057504964660e-02	4.811203e-01	-1.300519e+01
2.219823129964660e-02	3.701902e-01	-1.300517e+01
2.229588754964661e-02	2.536920e-01	-1.300514e+01
2.234471567464661e-02	1.939000e-01	-1.300492e+01
2.239354379964661e-02	1.333781e-01	-1.300307e+01
2.244237192464661e-02	7.235429e-02	-1.299375e+01
2.248035661366728e-02	2.468210e-02	-1.235137e+01
2.251634288390507e-02	-2.053563e-02	-9.360478e+00
2.254046055154984e-02	-5.082233e-02	-4.050912e+00
2.256567074273945e-02	-8.243065e-02	5.020321e+00
2.257901383035461e-02	-9.912864e-02	1.025840e+01
2.258803000642803e-02	-1.103963e-01	1.297037e+01
2.260105559556416e-02	-1.266560e-01	1.299157e+01
2.261408118470030e-02	-1.428722e-01	1.300736e+01
2.262710677383643e-02	-1.590451e-01	1.301773e+01
2.264013236297256e-02	-1.751745e-01	1.302268e+01
2.265315795210869e-02	-1.912604e-01	1.302222e+01
2.266618354124483e-02	-2.073030e-01	1.301635e+01
2.267920913038096e-02	-2.233021e-01	1.300506e+01
2.277686538038096e-02	-3.409425e-01	1.300513e+01
2.287452163038096e-02	-4.534548e-01	1.300513e+01
2.297217788038097e-02	-5.591467e-01	1.300513e+01
2.306983413038097e-02	-6.564285e-01	1.300513e+01
2.316749038038097e-02	-7.438371e-01	1.300513e+01
2.326514663038097e-02	-8.200576e-01	1.300513e+01
2.336280288038097e-02	-8.839437e-01	1.300513e+01
2.346045913038097e-02	-9.345344e-01	1.300513e+01
2.355811538038097e-02	-9.710689e-01	1.300513e+01
2.365577163038098e-02	-9.929976e-01	1.300513e+01
2.375342788038098e-02	-9.999907e-01	1.300513e+01
2.385108413038098e-02	-9.919431e-01	1.300513e+01
2.394874038038098e-02	-9.689756e-01	1.300513e+01
2.404639663038098e-02	-9.314339e-01	1.300513e+01
2.414405288038098e-02	-8.798825e-01	1.300513e+01
2.424170913038098e-02	-8.150969e-01	1.300513e+01
2.433936538038099e-02	-7.380515e-01	1.300513e+01
2.443702163038099e-02	-6.499050e-01	1.300513e+01
2.453467788038099e-02	-5.519835e-01	1.300513e+01
2.463233413038099e-02	-4.457595e-01	1.300513e+01
2.472999038038099e-02	-3.328309e-01	1.300513e+01
2.482764663038099e-02	-2.148963e-01	1.300503e+01
2.487647475538099e-02	-1.546038e-01	1.300413e+01
2.492530288038099e-02	-9.372938e-02	1.299971e+01
2.495911126067435e-02	-5.135970e-02	1.298125e+01
2.499857061452957e-02	-1.796218e-03	1.219011e+01
2.502242440481750e-02	2.817561e-02	9.639150e+00
2.504276531971861e-02	5.371462e-02	4.537617e+00
2.506467037452581e-02	8.117776e-02	-3.608567e+00
2.507794132164435e-02	9.778743e-02	-9.219559e+00
2.508724595788544e-02	1.094170e-01	-1.292340e+01
2.508753672776797e-02	1.097802e-01	-1.297910e+01
2.509948915361257e-02	1.247015e-01	-1.299430e+01
2.511144157945716e-02	1.395874e-01	-1.300567e+01
2.512339400530176e-02	1.544378e-01	-1.301322e+01
2.513534643114636e-02	1.692528e-01	-1.301692e+01
2.514729885699095e-02	1.840324e-01	-1.301680e+01
2.515925128283555e-02	1.987765e-01	-1.301284e+01
2.517120370868015e-02	2.134851e-01	-1.300506e+01
2.526885995868015e-02	3.314683e-01	-1.300517e+01
2.536651620868015e-02	4.444658e-01	-1.300518e+01
2.546417245868015e-02	5.507782e-01	-1.300520e+01
2.556182870868015e-02	6.488063e-01	-1.300521e+01
2.565948495868015e-02	7.370759e-01	-1.300522e+01
2.575714120868015e-02	8.142591e-01	-1.300523e+01
2.585479745868016e-02	8.791951e-01	-1.300524e+01
2.595245370868016e-02	9.309071e-01	-1.300525e+01
2.605010995868016e-02	9.686175e-01	-1.300525e+01
2.614776620868016e-02	9.917590e-01	-1.300526e+01
2.624542245868016e-02	9.999834e-01	-1.300526e+01
2.634307870868016e-02	9.931673e-01	-1.300526e+01
2.644073495868016e-02	9.714129e-01	-1.300526e+01
2.653839120868016e-02	9.350476e-01	-1.300525e+01
2.663604745868017e-02	8.846183e-01	-1.300524e+01
2.673370370868017e-02	8.208835e-01	-1.300524e+01
2.683135995868017e-02	7.448019e-01	-1.300523e+01
2.692901620868017e-02	6.575177e-01	-1.300521e+01
2.702667245868017e-02	5.603439e-01	-1.300520e+01
2.712432870868017e-02	4.547420e-01	-1.300519e+01
2.722198495868017e-02	3.423003e-01	-1.300517e+01
2.731964120868018e-02	2.247101e-01	-1.300508e+01
2.736846933368018e-02	1.645347e-01	-1.300446e+01
2.741729745868018e-02	1.037401e-01	-1.300112e+01
2.745252132588442e-02	5.962807e-02	-1.298759e+01
2.749394283990832e-02	7.611578e-03	-1.233196e+01
2.751839384567206e-02	-2.311233e-02	-1.011789e+01
2.753881150177498e-02	-4.875264e-02	-5.473986e+00
2.756170088717168e-02	-7.745796e-02	2.622575e+00
2.757593727326478e-02	-9.528083e-02	8.677931e+00
2.758560021263815e-02	-1.073611e-01	1.289641e+01
2.758590217949356e-02	-1.077383e-01	1.296518e+01
2.759182916617301e-02	-1.151407e-01	1.298613e+01
2.759775615285246e-02	-1.225358e-01	1.300197e+01
2.760368313953190e-02	-1.299235e-01	1.301272e+01
2.760961012621135e-02	-1.373040e-01	1.301836e+01
2.761553711289079e-02	-1.446771e-01	1.301890e+01
2.762146409957024e-02	-1.520430e-01	1.301434e+01
2.762739108624969e-02	-1.594015e-01	1.300468e+01
2.771224202389468e-02	-2.635604e-01	1.300512e+01
2.780989827389468e-02	-3.796608e-01	1.300513e+01
2.790755452389469e-02	-4.900509e-01	1.300513e+01
2.800521077389469e-02	-5.930701e-01	1.300513e+01
2.810286702389469e-02	-6.871690e-01	1.300513e+01
2.820052327389469e-02	-7.709322e-01	1.300513e+01
2.829817952389469e-02	-8.430999e-01	1.300513e+01
2.839583577389469e-02	-9.025866e-01	1.300513e+01
2.849349202389469e-02	-9.484975e-01	1.300513e+01
2.859114827389470e-02	-9.801422e-01	1.300513e+01
2.868880452389470e-02	-9.970446e-01	1.300513e+01
2.878646077389470e-02	-9.989505e-01	1.300513e+01
2.888411702389470e-02	-9.858313e-01	1.300513e+01
2.898177327389470e-02	-9.578843e-01	1.300513e+01
2.907942952389470e-02	-9.155298e-01	1.300513e+01
2.917708577389470e-02	-8.594049e-01	1.300513e+01
2.927474202389471e-02	-7.903537e-01	1.300513e+01
2.937239827389471e-02	-7.094148e-01	1.300513e+01
2.947005452389471e-02	-6.178057e-01	1.300513e+01
2.956771077389471e-02	-5.169043e-01	1.300513e+01
2.966536702389471e-02	-4.082281e-01	1.300513e+01
2.976302327389471e-02	-2.934118e-01	1.300513e+01
2.986067952389471e-02	-1.741823e-01	1.300464e+01
2.990950764889471e-02	-1.134711e-01	1.300202e+01
2.994733534751236e-02	-6.613205e-02	1.299039e+01
2.999093987556414e-02	-1.138504e-02	1.235514e+01
3.001712660280722e-02	2.152026e-02	1.014278e+01
3.003780941050399e-02	4.749483e-02	5.591324e+00
3.006161629257765e-02	7.735197e-02	-2.739148e+00
3.008574356402806e-02	1.075402e-01	-1.290602e+01
3.008604470882631e-02	1.079164e-01	-1.297071e+01
3.009217076452188e-02	1.155672e-01	-1.298872e+01
3.009829682021744e-02	1.232101e-01	-1.300235e+01
3.010442287591300e-02	1.308451e-01	-1.301159e+01
3.011054893160857e-02	1.384723e-01	-1.301645e+01
3.011667498730413e-02	1.460917e-01	-1.301693e+01
3.012280104299969e-02	1.537031e-01	-1.301301e+01
3.012892709869526e-02	1.613067e-01	-1.300472e+01
3.021527259666364e-02	2.672321e-01	-1.300515e+01
3.031292884666364e-02	3.831813e-01	-1.300518e+01
3.041058509666364e-02	4.933670e-01	-1.300519e+01
3.050824134666364e-02	5.961321e-01	-1.300521e+01
3.060589759666364e-02	6.899307e-01	-1.300522e+01
3.070355384666364e-02	7.733522e-01	-1.300523e+01
3.080121009666364e-02	8.451418e-01	-1.300524e+01
3.089886634666365e-02	9.042196e-01	-1.300525e+01
3.099652259666365e-02	9.496971e-01	-1.300525e+01
3.109417884666365e-02	9.808903e-01	-1.300526e+01
3.119183509666365e-02	9.973300e-01	-1.300526e+01
3.128949134666365e-02	9.987689e-01	-1.300526e+01
3.138714759666365e-02	9.851854e-01	-1.300526e+01
3.148480384666364e-02	9.567838e-01	-1.300525e+01
3.158246009666364e-02	9.139912e-01	-1.300525e+01
3.168011634666363e-02	8.574514e-01	-1.300524e+01
3.177777259666362e-02	7.880148e-01	-1.300523e+01
3.187542884666362e-02	7.067256e-01	-1.300522e+01
3.197308509666361e-02	6.148067e-01	-1.300521e+01
3.207074134666361e-02	5.136405e-01	-1.300519e+01
3.216839759666360e-02	4.047486e-01	-1.300518e+01
3.226605384666360e-02	2.897689e-01	-1.300516e+01
3.236371009666359e-02	1.704309e-01	-1.300459e+01
3.241253822166359e-02	1.096866e-01	-1.300172e+01
3.244925315617135e-02	6.372715e-02	-1.298951e+01
3.249197293523560e-02	1.008694e-02	-1.239740e+01
3.251654747695489e-02	-2.079267e-02	-1.036351e+01
3.253684553018575e-02	-4.628492e-02	-5.973845e+00
3.256029970418291e-02	-7.570235e-02	2.119513e+00
3.257533355463376e-02	-9.452561e-02	8.495903e+00
3.258515999734572e-02	-1.068111e-01	1.273814e+01
3.258624705824286e-02	-1.081692e-01	1.297052e+01
3.259428741173342e-02	-1.182097e-01	1.298899e+01
3.260232776522398e-02	-1.282359e-01	1.300294e+01
3.261036811871455e-02	-1.382478e-01	1.301236e+01
3.261840847220511e-02	-1.482453e-01	1.301727e+01
3.262644882569567e-02	-1.582285e-01	1.301766e+01
3.263448917918623e-02	-1.681973e-01	1.301352e+01
3.264252953267680e-02	-1.781518e-01	1.300487e+01
3.274018578267679e-02	-2.972645e-01	1.300513e+01
3.283784203267678e-02	-4.119061e-01	1.300513e+01
3.293549828267678e-02	-5.203522e-01	1.300513e+01
3.303315453267677e-02	-6.209717e-01	1.300513e+01
3.313081078267677e-02	-7.122512e-01	1.300513e+01
3.322846703267676e-02	-7.928178e-01	1.300513e+01
3.332612328267676e-02	-8.614597e-01	1.300513e+01
3.342377953267675e-02	-9.171444e-01	1.300513e+01
3.352143578267675e-02	-9.590345e-01	1.300513e+01
3.361909203267674e-02	-9.864997e-01	1.300513e+01
3.371674828267673e-02	-9.991271e-01	1.300513e+01
3.381440453267673e-02	-9.967267e-01	1.300513e+01
3.391206078267672e-02	-9.793346e-01	1.300513e+01
3.400971703267672e-02	-9.472124e-01	1.300513e+01
3.410737328267671e-02	-9.008432e-01	1.300513e+01
3.420502953267671e-02	-8.409245e-01	1.300513e+01
3.430268578267670e-02	-7.683575e-01	1.300513e+01
3.440034203267670e-02	-6.842337e-01	1.300513e+01
3.449799828267669e-02	-5.898184e-01	1.300513e+01
3.459565453267668e-02	-4.865317e-01	1.300513e+01
3.469331078267668e-02	-3.759271e-01	1.300513e+01
3.479096703267667e-02	-2.596682e-01	1.300511e+01
3.483979515767667e-02	-1.999622e-01	1.300494e+01
3.488862328267667e-02	-1.395036e-01	1.300344e+01
3.493745140767666e-02	-7.851997e-02	1.299597e+01
3.497413660362412e-02	-3.249518e-02	1.262413e+01
3.501033891933609e-02	1.299190e-02	1.053406e+01
3.503382547133255e-02	4.249354e-02	6.268235e+00
3.505933326072859e-02	7.449131e-02	-2.249895e+00
3.508236082032908e-02	1.033130e-01	-1.083148e+01
3.509242890615290e-02	1.158886e-01	-1.294919e+01
3.509395424555661e-02	1.177923e-01	-1.300614e+01
3.511740809179621e-02	1.470541e-01	-1.300539e+01
3.514086193803582e-02	1.761299e-01	-1.300485e+01
3.516431578427542e-02	2.050197e-01	-1.300451e+01
3.518776963051502e-02	2.337234e-01	-1.300437e+01
3.521122347675462e-02	2.622411e-01	-1.300444e+01
3.523467732299423e-02	2.905728e-01	-1.300470e+01
3.525813116923383e-02	3.187185e-01	-1.300517e+01
3.535578741923382e-02	4.323485e-01	-1.300518e+01
3.545344366923382e-02	5.394756e-01	-1.300520e+01
3.555109991923381e-02	6.384884e-01	-1.300521e+01
3.564875616923380e-02	7.278978e-01	-1.300522e+01
3.574641241923380e-02	8.063589e-01	-1.300523e+01
3.584406866923379e-02	8.726916e-01	-1.300524e+01
3.594172491923379e-02	9.258983e-01	-1.300525e+01
3.603938116923378e-02	9.651785e-01	-1.300525e+01
3.613703741923378e-02	9.899416e-01	-1.300526e+01
3.623469366923377e-02	9.998150e-01	-1.300526e+01
3.633234991923377e-02	9.946503e-01	-1.300526e+01
3.643000616923376e-02	9.745252e-01	-1.300526e+01
3.652766241923375e-02	9.397422e-01	-1.300525e+01
3.662531866923375e-02	8.908247e-01	-1.300525e+01
3.672297491923374e-02	8.285083e-01	-1.300524e+01
3.682063116923374e-02	7.537304e-01	-1.300523e+01
3.691828741923373e-02	6.676157e-01	-1.300522e+01
3.701594366923373e-02	5.714594e-01	-1.300520e+01
3.711359991923372e-02	4.667078e-01	-1.300519e+01
3.721125616923372e-02	3.549365e-01	-1.300517e+01
3.730891241923371e-02	2.378267e-01	-1.300511e+01
3.735774054423371e-02	1.778178e-01	-1.300472e+01
3.740656866923370e-02	1.171397e-01	-1.300232e+01
3.744560567188109e-02	6.830072e-02	-1.299250e+01
3.748527253836650e-02	1.850602e-02	-1.241104e+01
3.751554817698168e-02	-1.953717e-02	-1.003000e+01
3.753733594122570e-02	-4.690051e-02	-5.414372e+00
3.756210657847226e-02	-7.796622e-02	3.191280e+00
3.757663262440118e-02	-9.615062e-02	9.173408e+00
3.758616224136261e-02	-1.080632e-01	1.292334e+01
3.758646004189265e-02	-1.084353e-01	1.297962e+01
3.759880435585694e-02	-1.238482e-01	1.299453e+01
3.761114866982124e-02	-1.392232e-01	1.300569e+01
3.762349298378553e-02	-1.545604e-01	1.301308e+01
3.763583729774982e-02	-1.698597e-01	1.301671e+01
3.764818161171411e-02	-1.851212e-01	1.301658e+01
3.766052592567841e-02	-2.003448e-01	1.301269e+01
3.767287023964270e-02	-2.155306e-01	1.300504e+01
3.777052648964269e-02	-3.334434e-01	1.300513e+01
3.786818273964269e-02	-4.463408e-01	1.300513e+01
3.796583898964268e-02	-5.525249e-01	1.300513e+01
3.806349523964268e-02	-6.503986e-01	1.300513e+01
3.816115148964267e-02	-7.384896e-01	1.300513e+01
3.825880773964267e-02	-8.154730e-01	1.300513e+01
3.835646398964266e-02	-8.801910e-01	1.300513e+01
3.845412023964265e-02	-9.316700e-01	1.300513e+01
3.855177648964265e-02	-9.691359e-01	1.300513e+01
3.864943273964264e-02	-9.920251e-01	1.300513e+01
3.874708898964264e-02	-9.999933e-01	1.300513e+01
3.884474523964263e-02	-9.929207e-01	1.300513e+01
3.894240148964263e-02	-9.709136e-01	1.300513e+01
3.904005773964262e-02	-9.343031e-01	1.300513e+01
3.913771398964262e-02	-8.836398e-01	1.300513e+01
3.923537023964261e-02	-8.196857e-01	1.300513e+01
3.933302648964260e-02	-7.434028e-01	1.300513e+01
3.943068273964260e-02	-6.559384e-01	1.300513e+01
3.952833898964259e-02	-5.586081e-01	1.300513e+01
3.962599523964259e-02	-4.528758e-01	1.300513e+01
3.972365148964258e-02	-3.403319e-01	1.300513e+01
3.982130773964258e-02	-2.226690e-01	1.300505e+01
3.987013586464257e-02	-1.624687e-01	1.300437e+01
3.991896398964257e-02	-1.016569e-01	1.300083e+01
3.995380592242453e-02	-5.801659e-02	1.298663e+01
3.999485253945105e-02	-6.468445e-03	1.230375e+01
4.001920150384047e-02	2.412698e-02	1.001961e+01
4.003962554174090e-02	4.977435e-02	5.278167e+00
4.006230469391191e-02	7.821442e-02	-2.827383e+00
4.007627587283710e-02	9.570438e-02	-8.770340e+00
4.008587338477321e-02	1.077024e-01	-1.290189e+01
4.008617330702121e-02	1.080771e-01	-1.296822e+01
4.009217023193749e-02	1.155665e-01	-1.298753e+01
4.009816715685378e-02	1.230484e-01	-1.300214e+01
4.010416408177006e-02	1.305227e-01	-1.301205e+01
4.011016100668634e-02	1.379896e-01	-1.301726e+01
4.011615793160262e-02	1.454490e-01	-1.301777e+01
4.012215485651890e-02	1.529008e-01	-1.301359e+01
4.012815178143519e-02	1.603451e-01	-1.300471e+01
4.021345246851318e-02	2.650273e-01	-1.300515e+01
4.031110871851318e-02	3.810676e-01	-1.300518e+01
4.040876496851317e-02	4.913762e-01	-1.300519e+01
4.050642121851317e-02	5.942941e-01	-1.300521e+01
4.060407746851316e-02	6.882733e-01	-1.300522e+01
4.070173371851316e-02	7.719001e-01	-1.300523e+01
4.079938996851315e-02	8.439169e-01	-1.300524e+01
4.089704621851314e-02	9.032404e-01	-1.300525e+01
4.099470246851314e-02	9.489783e-01	-1.300525e+01
4.109235871851313e-02	9.804427e-01	-1.300526e+01
4.119001496851313e-02	9.971603e-01	-1.300526e+01
4.128767121851312e-02	9.988797e-01	-1.300526e+01
4.138532746851312e-02	9.855750e-01	-1.300526e+01
4.148298371851311e-02	9.574464e-01	-1.300525e+01
4.158063996851311e-02	9.149169e-01	-1.300525e+01
4.167829621851310e-02	8.586261e-01	-1.300524e+01
4.177595246851309e-02	7.894208e-01	-1.300523e+01
4.187360871851309e-02	7.083420e-01	-1.300522e+01
4.197126496851308e-02	6.166089e-01	-1.300521e+01
4.206892121851308e-02	5.156016e-01	-1.300519e+01
4.216657746851307e-02	4.068390e-01	-1.300518e+01
4.226423371851307e-02	2.919573e-01	-1.300516e+01
4.236188996851306e-02	1.726842e-01	-1.300463e+01
4.241071809351306e-02	1.119597e-01	-1.300191e+01
4.244808061911064e-02	6.519754e-02	-1.299007e+01
4.249132257818058e-02	1.090415e-02	-1.237322e+01
4.251686208100916e-02	-2.118793e-02	-1.024000e+01
4.253728142996764e-02	-4.683209e-02	-5.785635e+00
4.256100768554673e-02	-7.658944e-02	2.461380e+00
4.257575453045478e-02	-9.505223e-02	8.683608e+00
4.258546463974674e-02	-1.071917e-01	1.289762e+01
4.258576808066211e-02	-1.075708e-01	1.296608e+01
4.259175409730676e-02	-1.150470e-01	1.298657e+01
4.259774011395141e-02	-1.225158e-01	1.300206e+01
4.260372613059606e-02	-1.299771e-01	1.301257e+01
4.260971214724071e-02	-1.374309e-01	1.301809e+01
4.261569816388536e-02	-1.448773e-01	1.301861e+01
4.262168418053000e-02	-1.523163e-01	1.301414e+01
4.262767019717465e-02	-1.597477e-01	1.300468e+01
4.271304172101882e-02	-2.645296e-01	1.300512e+01
4.281069797101882e-02	-3.805903e-01	1.300513e+01
4.290835422101881e-02	-4.909266e-01	1.300513e+01
4.300601047101880e-02	-5.938789e-01	1.300513e+01
4.310366672101880e-02	-6.878987e-01	1.300513e+01
4.320132297101879e-02	-7.715719e-01	1.300513e+01
4.329897922101879e-02	-8.436399e-01	1.300513e+01
4.339663547101878e-02	-9.030188e-01	1.300513e+01
4.349429172101878e-02	-9.488154e-01	1.300513e+01
4.359194797101877e-02	-9.803410e-01	1.300513e+01
4.368960422101877e-02	-9.971213e-01	1.300513e+01
4.378726047101876e-02	-9.989040e-01	1.300513e+01
4.388491672101875e-02	-9.856623e-01	1.300513e+01
4.398257297101875e-02	-9.575952e-01	1.300513e+01
4.408022922101874e-02	-9.151251e-01	1.300513e+01
4.417788547101874e-02	-8.588906e-01	1.300513e+01
4.427554172101873e-02	-7.897376e-01	1.300513e+01
4.437319797101873e-02	-7.087062e-01	1.300513e+01
4.447085422101872e-02	-6.170152e-01	1.300513e+01
4.456851047101872e-02	-5.160437e-01	1.300513e+01
4.466616672101871e-02	-4.073105e-01	1.300513e+01
4.476382297101870e-02	-2.924509e-01	1.300513e+01
4.486147922101870e-02	-1.731926e-01	1.300462e+01
4.491030734601870e-02	-1.124726e-01	1.300193e+01
4.494783044033043e-02	-6.551125e-02	1.299017e+01
4.499120566663196e-02	-1.105106e-02	1.236627e+01
4.501697891660479e-02	2.133472e-02	1.020646e+01
4.503742408184672e-02	4.701116e-02	5.734215e+00
4.506121208708170e-02	7.684554e-02	-2.552423e+00
4.507587875904315e-02	9.520764e-02	-8.732592e+00
4.508556334701690e-02	1.073150e-01	-1.290070e+01
4.508586599039108e-02	1.076931e-01	-1.296782e+01
4.509190171317506e-02	1.152313e-01	-1.298738e+01
4.509793743595903e-02	1.227619e-01	-1.300218e+01
4.510397315874301e-02	1.302849e-01	-1.301221e+01
4.511000888152699e-02	1.378002e-01	-1.301748e+01
4.511604460431097e-02	1.453080e-01	-1.301798e+01
4.512208032709494e-02	1.528082e-01	-1.301372e+01
4.512811604987892e-02	1.603008e-01	-1.300470e+01
4.521384250923666e-02	2.654999e-01	-1.300515e+01
4.531149875923665e-02	3.815207e-01	-1.300518e+01
4.540915500923665e-02	4.918031e-01	-1.300519e+01
4.550681125923664e-02	5.946882e-01	-1.300521e+01
4.560446750923663e-02	6.886287e-01	-1.300522e+01
4.570212375923663e-02	7.722117e-01	-1.300523e+01
4.579978000923662e-02	8.441797e-01	-1.300524e+01
4.589743625923662e-02	9.034506e-01	-1.300525e+01
4.599509250923661e-02	9.491327e-01	-1.300525e+01
4.609274875923661e-02	9.805390e-01	-1.300526e+01
4.619040500923660e-02	9.971971e-01	-1.300526e+01
4.628806125923660e-02	9.988564e-01	-1.300526e+01
4.638571750923659e-02	9.854920e-01	-1.300526e+01
4.648337375923658e-02	9.573048e-01	-1.300525e+01
4.658103000923658e-02	9.147189e-01	-1.300525e+01
4.667868625923657e-02	8.583748e-01	-1.300524e+01
4.677634250923657e-02	7.891199e-01	-1.300523e+01
4.687399875923656e-02	7.079959e-01	-1.300522e+01
4.697165500923656e-02	6.162230e-01	-1.300521e+01
4.706931125923655e-02	5.151815e-01	-1.300519e+01
4.716696750923655e-02	4.063913e-01	-1.300518e+01
4.726462375923654e-02	2.914885e-01	-1.300516e+01
4.736228000923653e-02	1.722014e-01	-1.300462e+01
4.741110813423653e-02	1.114727e-01	-1.300187e+01
4.744832677154948e-02	6.488887e-02	-1.298996e+01
4.749145576169521e-02	1.073680e-02	-1.237889e+01
4.751678457111819e-02	-2.109055e-02	-1.026847e+01
4.753717572143991e-02	-4.669940e-02	-5.829779e+00
4.756084619579944e-02	-7.638710e-02	2.383794e+00
4.757565746331655e-02	-9.493081e-02	8.641867e+00
4.758538559671189e-02	-1.070929e-01	1.289488e+01
4.758568960088049e-02	-1.074728e-01	1.296450e+01
4.759163352657308e-02	-1.148965e-01	1.298584e+01
4.759757745226566e-02	-1.223129e-01	1.300198e+01
4.760352137795824e-02	-1.297220e-01	1.301292e+01
4.760946530365082e-02	-1.371237e-01	1.301866e+01
4.761540922934341e-02	-1.445181e-01	1.301920e+01
4.762135315503599e-02	-1.519051e-01	1.301454e+01
4.762729708072858e-02	-1.592849e-01	1.300468e+01
4.771237097273590e-02	-2.637166e-01	1.300512e+01
4.781002722273589e-02	-3.798108e-01	1.300513e+01
4.790768347273588e-02	-4.901921e-01	1.300513e+01
4.800533972273588e-02	-5.932006e-01	1.300513e+01
4.810299597273587e-02	-6.872867e-01	1.300513e+01
4.820065222273587e-02	-7.710354e-01	1.300513e+01
4.829830847273586e-02	-8.431870e-01	1.300513e+01
4.839596472273586e-02	-9.026564e-01	1.300513e+01
4.849362097273585e-02	-9.485489e-01	1.300513e+01
4.859127722273585e-02	-9.801743e-01	1.300513e+01
4.868893347273584e-02	-9.970570e-01	1.300513e+01
4.878658972273583e-02	-9.989431e-01	1.300513e+01
4.888424597273583e-02	-9.858041e-01	1.300513e+01
4.898190222273582e-02	-9.578378e-01	1.300513e+01
4.907955847273582e-02	-9.154646e-01	1.300513e+01
4.917721472273581e-02	-8.593220e-01	1.300513e+01
4.927487097273581e-02	-7.902544e-01	1.300513e+01
4.937252722273580e-02	-7.093006e-01	1.300513e+01
4.947018347273580e-02	-6.176783e-01	1.300513e+01
4.956783972273579e-02	-5.167655e-01	1.300513e+01
4.966549597273578e-02	-4.080802e-01	1.300513e+01
4.976315222273578e-02	-2.932568e-01	1.300513e+01
4.986080847273577e-02	-1.740227e-01	1.300463e+01
4.990963659773577e-02	-1.133101e-01	1.300200e+01
4.994741384402340e-02	-6.603363e-02	1.299035e+01
4.999098082616209e-02	-1.133359e-02	1.294810e+01
5.000000000000000e-02	4.656134e-15	1.292273e+01
