time	V(b)	V(vi)	V(vo)
0.000000000000000e+00	4.121588e-01	0.000000e+00	8.161465e-04
2.857142849929266e-07	4.120737e-01	8.975979e-05	8.934798e-04
5.714285699858532e-07	4.118181e-01	1.795196e-04	9.631081e-04
8.571428549787799e-07	4.113919e-01	2.692793e-04	1.025031e-03
1.142857139971706e-06	4.107952e-01	3.590391e-04	1.079250e-03
1.428571424964633e-06	4.100280e-01	4.487989e-04	1.125763e-03
1.714285709957560e-06	4.090902e-01	5.385586e-04	1.164571e-03
1.999999994950485e-06	4.079819e-01	6.283183e-04	1.195674e-03
3.999999989900971e-06	3.970295e-01	1.256636e-03	1.413685e-03
6.918192124632405e-06	3.714276e-01	2.173407e-03	1.802410e-03
9.814553808333886e-06	3.306728e-01	3.083314e-03	2.417046e-03
1.435883432386790e-05	2.256975e-01	4.510900e-03	3.704141e-03
2.232064563212394e-05	-5.095979e-02	7.012008e-03	6.008081e-03
3.004188470996960e-05	-3.688425e-01	9.437376e-03	4.613108e-03
3.330448457415937e-05	-4.643985e-01	1.046215e-02	9.471658e-04
3.479673461639016e-05	-4.767602e-01	1.093085e-02	5.571674e-06
3.610445225335949e-05	-4.772427e-01	1.134158e-02	1.615725e-04
3.699874729661744e-05	-4.781162e-01	1.162245e-02	1.116435e-04
3.783792227267308e-05	-4.787248e-01	1.188601e-02	1.177626e-04
3.867709724872873e-05	-4.793242e-01	1.214957e-02	1.217351e-04
3.951627222478437e-05	-4.799147e-01	1.241313e-02	1.235611e-04
4.035544720084002e-05	-4.804960e-01	1.267668e-02	1.232404e-04
4.119462217689566e-05	-4.810683e-01	1.294023e-02	1.207732e-04
4.203379715295131e-05	-4.816315e-01	1.320377e-02	1.161594e-04
4.287297212900695e-05	-4.821857e-01	1.346731e-02	1.093990e-04
5.786458417497556e-05	-4.901446e-01	1.817469e-02	8.435688e-05
7.785340023626705e-05	-4.977490e-01	2.444861e-02	6.649079e-05
1.178310323588500e-04	-5.082277e-01	3.698390e-02	4.928254e-05
1.977862966040160e-04	-5.218711e-01	6.197659e-02	3.488052e-05
2.954425466040160e-04	-5.329544e-01	9.228387e-02	2.764237e-05
4.907550466040159e-04	-5.464470e-01	1.517437e-01	2.181731e-05
6.860675466040159e-04	-5.548126e-01	2.089211e-01	1.956435e-05
8.813800466040159e-04	-5.608294e-01	2.629562e-01	1.822235e-05
1.076692546604016e-03	-5.653765e-01	3.130361e-01	1.731166e-05
1.272005046604016e-03	-5.689008e-01	3.584077e-01	1.662655e-05
1.467317546604016e-03	-5.716514e-01	3.983886e-01	1.607052e-05
1.662630046604016e-03	-5.737793e-01	4.323772e-01	1.559254e-05
1.857942546604017e-03	-5.753804e-01	4.598626e-01	1.516293e-05
2.053255046604017e-03	-5.765170e-01	4.804311e-01	1.476299e-05
2.248567546604017e-03	-5.772284e-01	4.937736e-01	1.437997e-05
2.443880046604017e-03	-5.775380e-01	4.996892e-01	1.400433e-05
2.639192546604017e-03	-5.774551e-01	4.980890e-01	1.362807e-05
2.834505046604017e-03	-5.769773e-01	4.889971e-01	1.324344e-05
3.029817546604017e-03	-5.760896e-01	4.725503e-01	1.284187e-05
3.225130046604018e-03	-5.747622e-01	4.489958e-01	1.241248e-05
3.420442546604018e-03	-5.729473e-01	4.186880e-01	1.194008e-05
3.615755046604018e-03	-5.705698e-01	3.820828e-01	1.140157e-05
3.811067546604018e-03	-5.675139e-01	3.397307e-01	1.075898e-05
4.006380046604018e-03	-5.635943e-01	2.922687e-01	9.944515e-06
4.201692546604017e-03	-5.584945e-01	2.404107e-01	8.823118e-06
4.397005046604016e-03	-5.516140e-01	1.849368e-01	7.080635e-06
4.592317546604016e-03	-5.415856e-01	1.266812e-01	3.774590e-06
4.689973796604015e-03	-5.343181e-01	9.678281e-02	5.479484e-07
4.787630046604015e-03	-5.236654e-01	6.652018e-02	-6.427404e-06
4.885286296604015e-03	-5.000752e-01	3.600718e-02	-3.822488e-05
4.982942546604014e-03	-4.533886e-01	5.358655e-03	-1.816443e-04
4.988387050805991e-03	-4.419105e-01	3.648283e-03	-3.397758e-04
4.999276059209943e-03	-3.792168e-01	2.274327e-04	-1.409473e-03
5.006453630377394e-03	-2.805379e-01	-2.027462e-03	-2.913596e-03
5.013251906170759e-03	-9.702267e-02	-4.163161e-03	-4.914223e-03
5.020750229638851e-03	2.013908e-01	-6.518692e-03	-6.833540e-03
5.024800736641484e-03	3.861578e-01	-7.791066e-03	-3.153185e-03
5.026951948463186e-03	4.632843e-01	-8.466800e-03	4.267603e-03
5.028150880342739e-03	4.824988e-01	-8.843399e-03	8.580939e-03
5.028729484200918e-03	4.848046e-01	-9.025143e-03	9.393721e-03
5.029508377953907e-03	4.858955e-01	-9.269799e-03	9.722364e-03
5.034446835010228e-03	4.911276e-01	-1.082097e-02	1.132019e-02
5.039385292066549e-03	4.960205e-01	-1.237201e-02	1.290943e-02
5.044323749122870e-03	5.005739e-01	-1.392290e-02	1.449007e-02
5.049262206179192e-03	5.047880e-01	-1.547366e-02	1.606211e-02
5.054200663235513e-03	5.086628e-01	-1.702429e-02	1.762557e-02
5.059139120291834e-03	5.121982e-01	-1.857478e-02	1.918042e-02
5.064077577348156e-03	5.153943e-01	-2.012513e-02	2.072668e-02
5.097769779465273e-03	5.360667e-01	-3.069597e-02	3.132919e-02
5.165154183699509e-03	5.702785e-01	-5.179165e-02	5.242920e-02
5.262810433699508e-03	6.130360e-01	-8.218963e-02	8.280493e-02
5.458122933699508e-03	6.874610e-01	-1.419443e-01	1.425186e-01
5.653435433699507e-03	7.539326e-01	-1.995640e-01	2.000927e-01
5.848747933699506e-03	8.147897e-01	-2.541821e-01	2.546669e-01
6.044060433699506e-03	8.702706e-01	-3.049770e-01	3.054218e-01
6.239372933699505e-03	9.200991e-01	-3.511848e-01	3.515945e-01
6.434685433699504e-03	9.638503e-01	-3.921104e-01	3.924908e-01
6.629997933699503e-03	1.001070e+00	-4.271384e-01	4.274957e-01
6.825310433699503e-03	1.031335e+00	-4.557418e-01	4.560827e-01
7.020622933699502e-03	1.054281e+00	-4.774904e-01	4.778220e-01
7.215935433699501e-03	1.069624e+00	-4.920571e-01	4.923866e-01
7.411247933699501e-03	1.077169e+00	-4.992228e-01	4.995574e-01
7.606560433699500e-03	1.076821e+00	-4.988797e-01	4.992267e-01
7.801872933699499e-03	1.068583e+00	-4.910330e-01	4.913994e-01
7.997185433699499e-03	1.052562e+00	-4.758008e-01	4.761933e-01
8.192497933699498e-03	1.028959e+00	-4.534120e-01	4.538372e-01
8.387810433699497e-03	9.980666e-01	-4.242035e-01	4.246673e-01
8.583122933699497e-03	9.602540e-01	-3.886146e-01	3.891224e-01
8.778435433699496e-03	9.159498e-01	-3.471805e-01	3.477373e-01
8.973747933699495e-03	8.656079e-01	-3.005246e-01	3.011345e-01
9.169060433699494e-03	8.096461e-01	-2.493484e-01	2.500153e-01
9.364372933699494e-03	7.483090e-01	-1.944219e-01	1.951491e-01
9.559685433699493e-03	6.812809e-01	-1.365710e-01	1.373627e-01
9.754997933699492e-03	6.059145e-01	-7.666603e-02	7.753240e-02
9.852654183699492e-03	5.602013e-01	-4.622396e-02	4.714771e-02
9.950310433699492e-03	5.046679e-01	-1.560790e-02	1.664591e-02
9.962517464949491e-03	4.939616e-01	-1.177440e-02	1.286773e-02
9.986931527449491e-03	4.628913e-01	-4.105536e-03	5.439531e-03
9.992279257478269e-03	4.501255e-01	-2.425533e-03	4.000454e-03
1.000297471753583e-02	3.944299e-01	9.345345e-04	2.345732e-03
1.001049720079593e-02	3.018683e-01	3.297769e-03	2.855195e-03
1.001741103680942e-02	1.292771e-01	5.469730e-03	4.639471e-03
1.002507888329308e-02	-1.632840e-01	7.878438e-03	6.955606e-03
1.002925865420425e-02	-3.564713e-01	9.191359e-03	6.570988e-03
1.003142855012982e-02	-4.388608e-01	9.872928e-03	3.726894e-03
1.003347341910546e-02	-4.755647e-01	1.051521e-02	-9.871193e-05
1.003399984905932e-02	-4.771244e-01	1.068056e-02	-2.730394e-04
1.003449181224067e-02	-4.764299e-01	1.083507e-02	3.280625e-05
1.003483284491638e-02	-4.764770e-01	1.094219e-02	9.630865e-05
1.003586790104200e-02	-4.771934e-01	1.126728e-02	1.260741e-04
1.004647378806448e-02	-4.837280e-01	1.459833e-02	1.049375e-04
1.005707967508696e-02	-4.894765e-01	1.792841e-02	8.731074e-05
1.006768556210944e-02	-4.944389e-01	2.125751e-02	7.319371e-05
1.007829144913192e-02	-4.986152e-01	2.458564e-02	6.258643e-05
1.008889733615439e-02	-5.020053e-01	2.791280e-02	5.548891e-05
1.009950322317687e-02	-5.046093e-01	3.123899e-02	5.190114e-05
1.011010911019935e-02	-5.064271e-01	3.456421e-02	5.182313e-05
1.018478859101030e-02	-5.200210e-01	5.792270e-02	3.644340e-05
1.028244484101030e-02	-5.317258e-01	8.826764e-02	2.834789e-05
1.047775734101030e-02	-5.457729e-01	1.478479e-01	2.201589e-05
1.067306984101029e-02	-5.543420e-01	2.052044e-01	1.967844e-05
1.086838234101029e-02	-5.604813e-01	2.594744e-01	1.829496e-05
1.106369484101029e-02	-5.651092e-01	3.098417e-01	1.736379e-05
1.125900734101029e-02	-5.686923e-01	3.555487e-01	1.666739e-05
1.145431984101029e-02	-5.714890e-01	3.959078e-01	1.610468e-05
1.164963234101029e-02	-5.736549e-01	4.303122e-01	1.562259e-05
1.184494484101029e-02	-5.752889e-01	4.582443e-01	1.519043e-05
1.204025734101029e-02	-5.764549e-01	4.792839e-01	1.478896e-05
1.223556984101029e-02	-5.771937e-01	4.931147e-01	1.440513e-05
1.243088234101029e-02	-5.775295e-01	4.995286e-01	1.402927e-05
1.262619484101029e-02	-5.774728e-01	4.984291e-01	1.365328e-05
1.282150734101029e-02	-5.770216e-01	4.898327e-01	1.326946e-05
1.301681984101029e-02	-5.761619e-01	4.738688e-01	1.286932e-05
1.321213234101029e-02	-5.748651e-01	4.507775e-01	1.244219e-05
1.340744484101028e-02	-5.730845e-01	4.209061e-01	1.197326e-05
1.360275734101028e-02	-5.707474e-01	3.847039e-01	1.144010e-05
1.379806984101028e-02	-5.677416e-01	3.427153e-01	1.080610e-05
1.399338234101028e-02	-5.638874e-01	2.955720e-01	1.000619e-05
1.418869484101028e-02	-5.588802e-01	2.439830e-01	8.911918e-06
1.438400734101028e-02	-5.521474e-01	1.887243e-01	7.228172e-06
1.457931984101028e-02	-5.424052e-01	1.306270e-01	4.088921e-06
1.467697609101028e-02	-5.354221e-01	1.007857e-01	1.093904e-06
1.477463234101028e-02	-5.253925e-01	7.056496e-02	-5.099217e-06
1.487228859101028e-02	-5.058941e-01	4.007868e-02	-2.730617e-05
1.496994484101028e-02	-4.687536e-01	9.441545e-03	-1.093786e-04
1.498215187226028e-02	-4.507900e-01	5.607037e-03	-2.775561e-04
1.499825998798936e-02	-3.734819e-01	5.466408e-04	-1.435259e-03
1.500756261589412e-02	-2.426944e-01	-2.375857e-03	-3.273524e-03
1.501534965952327e-02	-1.420916e-02	-4.822163e-03	-5.558193e-03
1.502278064495774e-02	2.972960e-01	-7.156506e-03	-5.557248e-03
1.502598212034659e-02	4.272397e-01	-8.162161e-03	3.962857e-04
1.502823271834651e-02	4.822918e-01	-8.869105e-03	8.949334e-03
1.502891895040664e-02	4.866729e-01	-9.084656e-03	1.016213e-02
1.502959092984948e-02	4.863755e-01	-9.295729e-03	9.915434e-03
1.502991112429065e-02	4.865707e-01	-9.396303e-03	9.944243e-03
1.503050927341550e-02	4.871785e-01	-9.584184e-03	1.010658e-02
1.503110742254036e-02	4.877920e-01	-9.772063e-03	1.027560e-02
1.503170557166522e-02	4.884113e-01	-9.959940e-03	1.045128e-02
1.503230372079008e-02	4.890362e-01	-1.014782e-02	1.063365e-02
1.503290186991494e-02	4.896669e-01	-1.033569e-02	1.082268e-02
1.503350001903980e-02	4.903034e-01	-1.052356e-02	1.101839e-02
1.503409816816466e-02	4.909455e-01	-1.071144e-02	1.122077e-02
1.505980508995339e-02	5.124143e-01	-1.878390e-02	1.937808e-02
1.508918442914051e-02	5.311655e-01	-2.800345e-02	2.863190e-02
1.514794310751475e-02	5.620412e-01	-4.641080e-02	4.704963e-02
1.524559935751475e-02	6.058354e-01	-7.685145e-02	7.746933e-02
1.544091185751475e-02	6.812987e-01	-1.367515e-01	1.373298e-01
1.563622435751475e-02	7.483124e-01	-1.945947e-01	1.951275e-01
1.583153685751475e-02	8.096409e-01	-2.495111e-01	2.499997e-01
1.602684935751475e-02	8.656030e-01	-3.006745e-01	3.011227e-01
1.622216185751476e-02	9.159458e-01	-3.473155e-01	3.477281e-01
1.641747435751476e-02	9.602508e-01	-3.887326e-01	3.891153e-01
1.661278685751476e-02	9.980642e-01	-4.243028e-01	4.246619e-01
1.680809935751476e-02	1.028958e+00	-4.534911e-01	4.538332e-01
1.700341185751477e-02	1.052561e+00	-4.758584e-01	4.761906e-01
1.719872435751477e-02	1.068583e+00	-4.910684e-01	4.913978e-01
1.739403685751477e-02	1.076820e+00	-4.988922e-01	4.992262e-01
1.758934935751478e-02	1.077169e+00	-4.992123e-01	4.995579e-01
1.778466185751478e-02	1.069624e+00	-4.920237e-01	4.923881e-01
1.797997435751478e-02	1.054282e+00	-4.774347e-01	4.778247e-01
1.817528685751478e-02	1.031337e+00	-4.556645e-01	4.560866e-01
1.837059935751479e-02	1.001073e+00	-4.270408e-01	4.275010e-01
1.856591185751479e-02	9.638534e-01	-3.919940e-01	3.924977e-01
1.876122435751479e-02	9.201031e-01	-3.510512e-01	3.516034e-01
1.895653685751479e-02	8.702753e-01	-3.048283e-01	3.054333e-01
1.915184935751480e-02	8.147949e-01	-2.540205e-01	2.546822e-01
1.934716185751480e-02	7.539312e-01	-1.993919e-01	2.001137e-01
1.954247435751480e-02	6.874494e-01	-1.417644e-01	1.425501e-01
1.973778685751481e-02	6.131048e-01	-8.200452e-02	8.286330e-02
1.983544310751481e-02	5.691891e-01	-5.160501e-02	5.251533e-02
1.993309935751481e-02	5.178831e-01	-2.101127e-02	2.201601e-02
1.994530638876481e-02	5.093628e-01	-1.717912e-02	1.821292e-02
1.996972045126481e-02	4.857862e-01	-9.512027e-03	1.067289e-02
1.998744908009419e-02	4.562603e-01	-3.942947e-03	5.471923e-03
2.000192675488771e-02	3.872624e-01	6.053078e-04	2.817383e-03
2.001240805247420e-02	2.437454e-01	3.898065e-03	3.472834e-03
2.002047731481144e-02	1.094605e-02	6.432961e-03	5.576117e-03
2.002816092832707e-02	-3.075987e-01	8.846555e-03	6.402753e-03
2.003139997049184e-02	-4.245861e-01	9.863952e-03	3.761062e-03
2.003454832261205e-02	-4.767807e-01	1.085282e-02	-3.232776e-04
2.003550614169634e-02	-4.780703e-01	1.115366e-02	-2.199503e-04
2.003617641696894e-02	-4.772569e-01	1.136418e-02	1.763716e-04
2.003687039702200e-02	-4.779693e-01	1.158214e-02	1.264935e-04
2.004801040902390e-02	-4.846291e-01	1.508089e-02	1.032577e-04
2.005915042102581e-02	-4.904776e-01	1.857853e-02	8.413477e-05
2.007029043302771e-02	-4.955148e-01	2.207506e-02	6.912482e-05
2.008143044502961e-02	-4.997408e-01	2.557047e-02	5.822782e-05
2.009257045703151e-02	-5.031556e-01	2.906477e-02	5.144378e-05
2.010371046903342e-02	-5.057591e-01	3.255796e-02	4.877270e-05
2.011485048103532e-02	-5.075513e-01	3.605004e-02	5.021457e-05
2.019266684281919e-02	-5.211595e-01	6.038035e-02	3.546784e-05
2.029032309281919e-02	-5.324779e-01	9.070271e-02	2.791146e-05
2.048563559281920e-02	-5.461835e-01	1.502104e-01	2.189483e-05
2.068094809281920e-02	-5.546285e-01	2.074588e-01	1.960881e-05
2.087626059281920e-02	-5.606931e-01	2.615869e-01	1.825073e-05
2.107157309281920e-02	-5.652717e-01	3.117804e-01	1.733208e-05
2.126688559281921e-02	-5.688190e-01	3.572845e-01	1.664257e-05
2.146219809281921e-02	-5.715877e-01	3.974146e-01	1.608394e-05
2.165751059281921e-02	-5.737306e-01	4.315673e-01	1.560435e-05
2.185282309281921e-02	-5.753446e-01	4.592288e-01	1.517374e-05
2.204813559281922e-02	-5.764927e-01	4.799831e-01	1.477321e-05
2.224344809281922e-02	-5.772150e-01	4.935180e-01	1.438988e-05
2.243876059281922e-02	-5.775349e-01	4.996299e-01	1.401415e-05
2.263407309281923e-02	-5.774623e-01	4.982269e-01	1.363800e-05
2.282938559281923e-02	-5.769950e-01	4.893301e-01	1.325370e-05
2.302469809281923e-02	-5.761182e-01	4.730734e-01	1.285269e-05
2.322001059281923e-02	-5.748030e-01	4.497012e-01	1.242421e-05
2.341532309281924e-02	-5.730016e-01	4.195650e-01	1.195319e-05
2.361063559281924e-02	-5.706401e-01	3.831182e-01	1.141680e-05
2.380594809281924e-02	-5.676041e-01	3.409090e-01	1.077763e-05
2.400126059281925e-02	-5.637103e-01	2.935721e-01	9.968961e-06
2.419657309281925e-02	-5.586473e-01	2.418197e-01	8.858396e-06
2.439188559281925e-02	-5.518256e-01	1.864301e-01	7.139459e-06
2.458719809281925e-02	-5.419118e-01	1.282364e-01	3.900783e-06
2.468485434281925e-02	-5.347590e-01	9.836021e-02	7.685923e-07
2.478251059281926e-02	-5.243615e-01	6.811386e-02	-5.880569e-06
2.488016684281926e-02	-5.027180e-01	3.761114e-02	-3.294634e-05
2.497782309281926e-02	-4.606446e-01	6.966855e-03	-1.458256e-04
2.498568885560688e-02	-4.421299e-01	4.495918e-03	-3.650120e-04
2.500142038118211e-02	-3.310626e-01	-4.462258e-04	-1.986317e-03
2.501008817907941e-02	-1.693934e-01	-3.169274e-03	-3.961201e-03
2.501896870602707e-02	1.325253e-01	-5.959054e-03	-6.670089e-03
2.502303556205484e-02	3.163111e-01	-7.236583e-03	-6.421237e-03
2.502544976389401e-02	4.270389e-01	-7.994939e-03	-1.490705e-03
2.502679788903929e-02	4.704636e-01	-8.418407e-03	4.972238e-03
2.502747400707378e-02	4.803527e-01	-8.630785e-03	7.815773e-03
2.502798508541337e-02	4.829649e-01	-8.791321e-03	8.758558e-03
2.502829534800607e-02	4.838487e-01	-8.888777e-03	9.068125e-03
2.502864948971680e-02	4.845714e-01	-9.000016e-03	9.308664e-03
2.502946867554527e-02	4.858017e-01	-9.257329e-03	9.689590e-03
2.503140323265128e-02	4.880725e-01	-9.864977e-03	1.035461e-02
2.504532531138104e-02	5.004252e-01	-1.423797e-02	1.478354e-02
2.505924739011080e-02	5.117284e-01	-1.860914e-02	1.919905e-02
2.507316946884056e-02	5.219819e-01	-2.297849e-02	2.360114e-02
2.508709154757033e-02	5.311859e-01	-2.734602e-02	2.798981e-02
2.510101362630009e-02	5.393402e-01	-3.171172e-02	3.236507e-02
2.511493570502985e-02	5.464450e-01	-3.607560e-02	3.672692e-02
2.512885778375961e-02	5.525002e-01	-4.043765e-02	4.107535e-02
2.522651403375962e-02	5.976509e-01	-7.092149e-02	7.154176e-02
2.532417028375962e-02	6.376605e-01	-1.011384e-01	1.017423e-01
2.551948278375962e-02	7.090325e-01	-1.603179e-01	1.608781e-01
2.571479528375962e-02	7.736261e-01	-2.170861e-01	2.176007e-01
2.591010778375962e-02	8.328069e-01	-2.705891e-01	2.710609e-01
2.610542028375963e-02	8.865523e-01	-3.200222e-01	3.204554e-01
2.630073278375963e-02	9.345204e-01	-3.646419e-01	3.650417e-01
2.649604528375963e-02	9.762681e-01	-4.037770e-01	4.041494e-01
2.669135778375964e-02	1.011346e+00	-4.368389e-01	4.371904e-01
2.688667028375964e-02	1.039348e+00	-4.633304e-01	4.636677e-01
2.708198278375964e-02	1.059931e+00	-4.828529e-01	4.831831e-01
2.727729528375964e-02	1.072840e+00	-4.951129e-01	4.954433e-01
2.747260778375965e-02	1.077912e+00	-4.999259e-01	5.002637e-01
2.766792028375965e-02	1.075080e+00	-4.972196e-01	4.975720e-01
2.786323278375965e-02	1.064381e+00	-4.870346e-01	4.874086e-01
2.805854528375966e-02	1.045952e+00	-4.695242e-01	4.699264e-01
2.825385778375966e-02	1.020023e+00	-4.449517e-01	4.453884e-01
2.844917028375966e-02	9.869135e-01	-4.136868e-01	4.141638e-01
2.864448278375966e-02	9.470133e-01	-3.761995e-01	3.767222e-01
2.883979528375967e-02	9.007635e-01	-3.330539e-01	3.336269e-01
2.903510778375967e-02	8.486153e-01	-2.848988e-01	2.855263e-01
2.923042028375967e-02	7.909530e-01	-2.324587e-01	2.331441e-01
2.942573278375967e-02	7.279098e-01	-1.765221e-01	1.772690e-01
2.962104528375968e-02	6.587893e-01	-1.179304e-01	1.187437e-01
2.971870153375968e-02	6.209607e-01	-8.791313e-02	8.876355e-02
2.981635778375968e-02	5.786254e-01	-5.756497e-02	5.846284e-02
2.991401403375968e-02	5.268136e-01	-2.700015e-02	2.799555e-02
2.996742899079789e-02	4.885778e-01	-1.023177e-02	1.134148e-02
2.997963602204789e-02	4.670893e-01	-6.397358e-03	7.756910e-03
3.000405008454789e-02	3.472526e-01	1.272370e-03	3.067068e-03
3.001467875911137e-02	1.775039e-01	4.611403e-03	3.947289e-03
3.002383352480340e-02	-1.191962e-01	7.487243e-03	6.615583e-03
3.002813354283962e-02	-3.111582e-01	8.837953e-03	7.134108e-03
3.003067859814505e-02	-4.240079e-01	9.637369e-03	4.707974e-03
3.003221672838855e-02	-4.679378e-01	1.012049e-02	1.193981e-03
3.003288079507474e-02	-4.743725e-01	1.032907e-02	2.194171e-04
3.003348870156680e-02	-4.751446e-01	1.052001e-02	1.554321e-04
3.003492414288990e-02	-4.763815e-01	1.097086e-02	1.395462e-04
3.003635958421301e-02	-4.775562e-01	1.142171e-02	1.267219e-04
3.003779502553611e-02	-4.786688e-01	1.187254e-02	1.169591e-04
3.003923046685922e-02	-4.797193e-01	1.232337e-02	1.102579e-04
3.004066590818232e-02	-4.807077e-01	1.277418e-02	1.066183e-04
3.004210134950543e-02	-4.816339e-01	1.322499e-02	1.060402e-04
3.004353679082853e-02	-4.824980e-01	1.367578e-02	1.085236e-04
3.007216535813253e-02	-4.956492e-01	2.266365e-02	7.096247e-05
3.011033678120453e-02	-5.064254e-01	3.463556e-02	5.185161e-05
3.018667962734853e-02	-5.202769e-01	5.851275e-02	3.622974e-05
3.028433587734853e-02	-5.319099e-01	8.885233e-02	2.823633e-05
3.047964837734854e-02	-5.458719e-01	1.484153e-01	2.198702e-05
3.067496087734854e-02	-5.544112e-01	2.057460e-01	1.966158e-05
3.087027337734854e-02	-5.605324e-01	2.599820e-01	1.828428e-05
3.106558587734854e-02	-5.651484e-01	3.103077e-01	1.735614e-05
3.126089837734854e-02	-5.687228e-01	3.559661e-01	1.666141e-05
3.145621087734855e-02	-5.715128e-01	3.962704e-01	1.609969e-05
3.165152337734855e-02	-5.736732e-01	4.306144e-01	1.561821e-05
3.184683587734855e-02	-5.753023e-01	4.584816e-01	1.518642e-05
3.204214837734855e-02	-5.764640e-01	4.794528e-01	1.478517e-05
3.223746087734856e-02	-5.771989e-01	4.932126e-01	1.440147e-05
3.243277337734856e-02	-5.775309e-01	4.995540e-01	1.402564e-05
3.262808587734856e-02	-5.774703e-01	4.983817e-01	1.364961e-05
3.282339837734857e-02	-5.770153e-01	4.897132e-01	1.326568e-05
3.301871087734857e-02	-5.761514e-01	4.736790e-01	1.286533e-05
3.321402337734857e-02	-5.748503e-01	4.505202e-01	1.243788e-05
3.340933587734857e-02	-5.730647e-01	4.205852e-01	1.196845e-05
3.360464837734858e-02	-5.707218e-01	3.843241e-01	1.143453e-05
3.379996087734858e-02	-5.677087e-01	3.422825e-01	1.079929e-05
3.399527337734858e-02	-5.638450e-01	2.950926e-01	9.997297e-06
3.419058587734859e-02	-5.588245e-01	2.434643e-01	8.899156e-06
3.438589837734859e-02	-5.520706e-01	1.881741e-01	7.207078e-06
3.458121087734859e-02	-5.422877e-01	1.300535e-01	4.044420e-06
3.467886712734859e-02	-5.352646e-01	1.002037e-01	1.017324e-06
3.477652337734859e-02	-5.251492e-01	6.997678e-02	-5.280502e-06
3.487417962734859e-02	-5.051948e-01	3.948648e-02	-2.849048e-05
3.497183587734860e-02	-4.664305e-01	8.847558e-03	-1.184385e-04
3.498404290859860e-02	-4.446409e-01	5.012984e-03	-3.457134e-04
3.500008104060554e-02	-3.511319e-01	-2.545966e-05	-1.733385e-03
3.500906994457431e-02	-2.031372e-01	-2.849392e-03	-3.676328e-03
3.501722160216075e-02	6.054373e-02	-5.410220e-03	-5.708726e-03
3.502508322229080e-02	3.785170e-01	-7.879800e-03	-2.880647e-04
3.502852004079492e-02	4.755769e-01	-8.959356e-03	8.124103e-03
3.503008829358658e-02	4.875286e-01	-9.451953e-03	1.033793e-02
3.503145551906910e-02	4.880008e-01	-9.881400e-03	1.031259e-02
3.503239187474286e-02	4.891982e-01	-1.017550e-02	1.068837e-02
3.504280227335000e-02	4.987430e-01	-1.344532e-02	1.399270e-02
3.505321267195713e-02	5.075400e-01	-1.671426e-02	1.729056e-02
3.506362307056426e-02	5.155893e-01	-1.998232e-02	2.058197e-02
3.507403346917139e-02	5.228908e-01	-2.324950e-02	2.386693e-02
3.508444386777853e-02	5.294445e-01	-2.651580e-02	2.714542e-02
3.509485426638566e-02	5.352506e-01	-2.978122e-02	3.041746e-02
3.510526466499279e-02	5.403088e-01	-3.304577e-02	3.368304e-02
3.517713777547893e-02	5.758836e-01	-5.553465e-02	5.617106e-02
3.527479402547893e-02	6.180148e-01	-8.590081e-02	8.651379e-02
3.547010652547893e-02	6.917902e-01	-1.455501e-01	1.461220e-01
3.566541902547894e-02	7.578184e-01	-2.030102e-01	2.035362e-01
3.586073152547894e-02	8.183501e-01	-2.574168e-01	2.578991e-01
3.605604402547894e-02	8.734945e-01	-3.079517e-01	3.083942e-01
3.625135652547894e-02	9.229632e-01	-3.538546e-01	3.542624e-01
3.644666902547895e-02	9.663266e-01	-3.944353e-01	3.948140e-01
3.664198152547895e-02	1.003132e+00	-4.290832e-01	4.294394e-01
3.683729402547895e-02	1.032957e+00	-4.572774e-01	4.576176e-01
3.703260652547895e-02	1.055444e+00	-4.785937e-01	4.789250e-01
3.722791902547896e-02	1.070312e+00	-4.927115e-01	4.930411e-01
3.742323152547896e-02	1.077375e+00	-4.994185e-01	4.997537e-01
3.761854402547896e-02	1.076542e+00	-4.986137e-01	4.989617e-01
3.781385652547897e-02	1.067823e+00	-4.903093e-01	4.906771e-01
3.800916902547897e-02	1.051330e+00	-4.746302e-01	4.750246e-01
3.820448152547897e-02	1.027270e+00	-4.518123e-01	4.522397e-01
3.839979402547897e-02	9.959417e-01	-4.221986e-01	4.226649e-01
3.859510652547898e-02	9.577180e-01	-3.862347e-01	3.867454e-01
3.879041902547898e-02	9.130303e-01	-3.444615e-01	3.450214e-01
3.898573152547898e-02	8.623324e-01	-2.975073e-01	2.981206e-01
3.918104402547899e-02	8.060367e-01	-2.460782e-01	2.467487e-01
3.937635652547899e-02	7.443690e-01	-1.909479e-01	1.916790e-01
3.957166902547899e-02	6.769513e-01	-1.329456e-01	1.337414e-01
3.976698152547899e-02	6.008092e-01	-7.294366e-02	7.381554e-02
3.986463777547899e-02	5.533643e-01	-4.247405e-02	4.340980e-02
3.996229402547900e-02	4.933935e-01	-1.184457e-02	1.291872e-02
3.997450105672900e-02	4.785120e-01	-8.010386e-03	9.212336e-03
3.999891511922900e-02	4.310401e-01	-3.408253e-04	2.132946e-03
3.999942250318036e-02	4.295476e-01	-1.814260e-04	2.036478e-03
4.000043727108307e-02	4.252976e-01	1.373728e-04	1.938984e-03
4.000246680688850e-02	4.138699e-01	7.749699e-04	1.798056e-03
4.000600122837400e-02	3.843265e-01	1.885337e-03	1.869336e-03
4.000974390765964e-02	3.330602e-01	3.061120e-03	2.473769e-03
4.001488913768129e-02	2.177520e-01	4.677492e-03	3.870125e-03
4.002123171005787e-02	1.305195e-03	6.669940e-03	5.805254e-03
4.002865846370923e-02	-3.205720e-01	9.002835e-03	6.339588e-03
4.003169502272892e-02	-4.303950e-01	9.956627e-03	3.607828e-03
4.003456381716115e-02	-4.769350e-01	1.085769e-02	-2.892993e-04
4.003540570799240e-02	-4.780588e-01	1.112211e-02	-2.324806e-04
4.003599483918222e-02	-4.772630e-01	1.130715e-02	1.347425e-04
4.004335338277976e-02	-4.821781e-01	1.361826e-02	1.123630e-04
4.005071192637730e-02	-4.865699e-01	1.592897e-02	9.392815e-05
4.005807046997484e-02	-4.904384e-01	1.823928e-02	7.943793e-05
4.006542901357237e-02	-4.937836e-01	2.054919e-02	6.889236e-05
4.007278755716991e-02	-4.966056e-01	2.285871e-02	6.229144e-05
4.008014610076745e-02	-4.989042e-01	2.516783e-02	5.963516e-05
4.008750464436499e-02	-5.006796e-01	2.747655e-02	6.092353e-05
4.013815354321305e-02	-5.122499e-01	4.334773e-02	4.428412e-05
4.023580979321306e-02	-5.265975e-01	7.381108e-02	3.137325e-05
4.033346604321306e-02	-5.362295e-01	1.039966e-01	2.593195e-05
4.052877854321306e-02	-5.483248e-01	1.630813e-01	2.127333e-05
4.072409104321306e-02	-5.561319e-01	2.197131e-01	1.925224e-05
4.091940354321306e-02	-5.618118e-01	2.730402e-01	1.802009e-05
4.111471604321307e-02	-5.661330e-01	3.222605e-01	1.716457e-05
4.131002854321307e-02	-5.694911e-01	3.666338e-01	1.651020e-05
4.150534104321307e-02	-5.721109e-01	4.054925e-01	1.597249e-05
4.170065354321308e-02	-5.741300e-01	4.382522e-01	1.550581e-05
4.189596604321308e-02	-5.756366e-01	4.644202e-01	1.508320e-05
4.209127854321308e-02	-5.766879e-01	4.836029e-01	1.468742e-05
4.228659104321308e-02	-5.773197e-01	4.955118e-01	1.430652e-05
4.248190354321309e-02	-5.775525e-01	4.999677e-01	1.393137e-05
4.267721604321309e-02	-5.773933e-01	4.969036e-01	1.355409e-05
4.287252854321309e-02	-5.768373e-01	4.863656e-01	1.316689e-05
4.306784104321310e-02	-5.758668e-01	4.685123e-01	1.276085e-05
4.326315354321310e-02	-5.744491e-01	4.436120e-01	1.232447e-05
4.345846604321310e-02	-5.725314e-01	4.120395e-01	1.184135e-05
4.365377854321310e-02	-5.700326e-01	3.742695e-01	1.128619e-05
4.384909104321311e-02	-5.668260e-01	3.308701e-01	1.061681e-05
4.404440354321311e-02	-5.627073e-01	2.824941e-01	9.756399e-06
4.423971604321311e-02	-5.573214e-01	2.298692e-01	8.548038e-06
4.443502854321311e-02	-5.499759e-01	1.737868e-01	6.612087e-06
4.463034104321312e-02	-5.390116e-01	1.150905e-01	2.726287e-06
4.472799729321312e-02	-5.307637e-01	8.503679e-02	-1.365343e-06
4.482565354321312e-02	-5.176631e-01	5.466307e-02	-1.186712e-05
4.492330979321312e-02	-4.976113e-01	2.408362e-02	-3.546931e-05
4.493551682446312e-02	-4.932313e-01	2.025245e-02	-4.629404e-05
4.495993088696312e-02	-4.790505e-01	1.258675e-02	-9.589308e-05
4.497764303095066e-02	-4.607153e-01	7.023418e-03	-2.057931e-04
4.499207555216028e-02	-4.158167e-01	2.489528e-03	-7.923485e-04
4.500382815264665e-02	-3.052092e-01	-1.202649e-03	-2.423300e-03
4.501185025470438e-02	-1.230990e-01	-3.722833e-03	-4.486759e-03
4.502052885113999e-02	2.022246e-01	-6.449150e-03	-6.618751e-03
4.502482806337236e-02	3.902499e-01	-7.799650e-03	-2.330235e-03
4.502719606530545e-02	4.685635e-01	-8.543480e-03	5.639878e-03
4.502839347221956e-02	4.836146e-01	-8.919599e-03	8.973661e-03
4.502951657585753e-02	4.859202e-01	-9.272374e-03	9.732656e-03
4.503515446164331e-02	4.918300e-01	-1.104323e-02	1.155043e-02
4.504079234742908e-02	4.973313e-01	-1.281391e-02	1.335946e-02
4.504643023321486e-02	5.024241e-01	-1.458439e-02	1.515975e-02
4.505206811900063e-02	5.071084e-01	-1.635469e-02	1.695129e-02
4.505770600478640e-02	5.113843e-01	-1.812481e-02	1.873409e-02
4.506334389057218e-02	5.152517e-01	-1.989474e-02	2.050814e-02
4.506898177635795e-02	5.187107e-01	-2.166448e-02	2.227345e-02
4.510710507327683e-02	5.412111e-01	-3.362266e-02	3.425938e-02
4.518335166711459e-02	5.786882e-01	-5.747430e-02	5.810867e-02
4.528100791711459e-02	6.205400e-01	-8.782327e-02	8.843523e-02
4.547632041711459e-02	6.939809e-01	-1.474166e-01	1.479870e-01
4.567163291711460e-02	7.598268e-01	-2.047926e-01	2.053172e-01
4.586694541711460e-02	8.201884e-01	-2.590884e-01	2.595693e-01
4.606225791711460e-02	8.751578e-01	-3.094873e-01	3.099286e-01
4.625757041711460e-02	9.244392e-01	-3.552311e-01	3.556378e-01
4.645288291711461e-02	9.676009e-01	-3.956320e-01	3.960099e-01
4.664819541711461e-02	1.004190e+00	-4.300821e-01	4.304377e-01
4.684350791711461e-02	1.033787e+00	-4.580635e-01	4.584033e-01
4.703882041711462e-02	1.056036e+00	-4.791552e-01	4.794863e-01
4.723413291711462e-02	1.070658e+00	-4.930398e-01	4.933695e-01
4.742944541711462e-02	1.077471e+00	-4.995088e-01	4.998443e-01
4.762475791711462e-02	1.076385e+00	-4.984646e-01	4.988132e-01
4.782007041711463e-02	1.067417e+00	-4.899231e-01	4.902917e-01
4.801538291711463e-02	1.050680e+00	-4.740127e-01	4.744080e-01
4.821069541711463e-02	1.026384e+00	-4.509727e-01	4.514012e-01
4.840600791711464e-02	9.948297e-01	-4.211496e-01	4.216173e-01
4.860132041711464e-02	9.563934e-01	-3.849921e-01	3.855042e-01
4.879663291711464e-02	9.115075e-01	-3.430439e-01	3.436054e-01
4.899194541711464e-02	8.606256e-01	-2.959360e-01	2.965511e-01
4.918725791711465e-02	8.041571e-01	-2.443770e-01	2.450493e-01
4.938257041711465e-02	7.423177e-01	-1.891423e-01	1.898753e-01
4.957788291711465e-02	6.746949e-01	-1.310627e-01	1.318607e-01
4.967553916711465e-02	6.380457e-01	-1.012278e-01	1.020612e-01
4.977319541711465e-02	5.981261e-01	-7.101184e-02	7.188667e-02
4.987085166711466e-02	5.495974e-01	-4.052863e-02	4.147165e-02
4.996850791711466e-02	4.864937e-01	-9.892884e-03	1.099616e-02
4.998071494836466e-02	4.632514e-01	-6.058429e-03	7.468313e-03
5.000512901086466e-02	3.762369e-01	1.611323e-03	1.270449e-03
5.000541597901261e-02	3.745703e-01	1.701477e-03	1.265166e-03
5.000713778790032e-02	3.586119e-01	2.242395e-03	1.643223e-03
5.000884934694388e-02	3.361400e-01	2.780090e-03	2.077593e-03
5.001227246503100e-02	2.682448e-01	3.855470e-03	3.062414e-03
5.001911870120524e-02	6.116554e-02	6.006173e-03	5.158904e-03
5.002694238223772e-02	-2.542997e-01	8.463794e-03	6.606829e-03
5.003102891252550e-02	-4.174093e-01	9.747403e-03	3.924264e-03
5.003343521896608e-02	-4.732772e-01	1.050321e-02	1.642795e-04
5.003433303573396e-02	-4.772414e-01	1.078520e-02	-2.369990e-04
5.003520445816160e-02	-4.765919e-01	1.105891e-02	1.471578e-04
5.003563370687968e-02	-4.769686e-01	1.119372e-02	1.376717e-04
5.003606295559776e-02	-4.773331e-01	1.132854e-02	1.301565e-04
5.003649220431584e-02	-4.776853e-01	1.146336e-02	1.246123e-04
5.003692145303392e-02	-4.780252e-01	1.159818e-02	1.210392e-04
5.003735070175200e-02	-4.783528e-01	1.173299e-02	1.194370e-04
5.003777995047008e-02	-4.786681e-01	1.186781e-02	1.198058e-04
5.003820919918817e-02	-4.789711e-01	1.200262e-02	1.221456e-04
5.005420313686861e-02	-4.883663e-01	1.702513e-02	8.937520e-05
5.007248192278912e-02	-4.958455e-01	2.276300e-02	7.049814e-05
5.010903949463014e-02	-5.061987e-01	3.422898e-02	5.214402e-05
5.018215463831217e-02	-5.196420e-01	5.710072e-02	3.677230e-05
5.027981088831217e-02	-5.314684e-01	8.745304e-02	2.850256e-05
5.047512338831218e-02	-5.456344e-01	1.470572e-01	2.205661e-05
5.067043588831218e-02	-5.542454e-01	2.044495e-01	1.970206e-05
5.086574838831218e-02	-5.604100e-01	2.587667e-01	1.830991e-05
5.106106088831219e-02	-5.650545e-01	3.091918e-01	1.737448e-05
5.125637338831219e-02	-5.686496e-01	3.549664e-01	1.667574e-05
5.145168588831219e-02	-5.714557e-01	3.954019e-01	1.611165e-05
5.164699838831219e-02	-5.736294e-01	4.298902e-01	1.562871e-05
5.184231088831220e-02	-5.752701e-01	4.579126e-01	1.519602e-05
5.203762338831220e-02	-5.764420e-01	4.790476e-01	1.479423e-05
5.223293588831220e-02	-5.771865e-01	4.929772e-01	1.441024e-05
5.242824838831221e-02	-5.775276e-01	4.994920e-01	1.403432e-05
5.262356088831221e-02	-5.774761e-01	4.984939e-01	1.365838e-05
5.281887338831221e-02	-5.770304e-01	4.899981e-01	1.327473e-05
5.301418588831221e-02	-5.761763e-01	4.741322e-01	1.287487e-05
5.320949838831222e-02	-5.748856e-01	4.511349e-01	1.244819e-05
5.340481088831222e-02	-5.731120e-01	4.213522e-01	1.197995e-05
5.360012338831222e-02	-5.707831e-01	3.852319e-01	1.144786e-05
5.379543588831222e-02	-5.677872e-01	3.433174e-01	1.081556e-05
5.399074838831223e-02	-5.639461e-01	2.962390e-01	1.001854e-05
5.418606088831223e-02	-5.589575e-01	2.447050e-01	8.929612e-06
5.438137338831223e-02	-5.522539e-01	1.894903e-01	7.257358e-06
5.457668588831224e-02	-5.425678e-01	1.314256e-01	4.150254e-06
5.467434213831224e-02	-5.356398e-01	1.015960e-01	1.199006e-06
5.477199838831224e-02	-5.257269e-01	7.138406e-02	-4.852761e-06
5.486965463831224e-02	-5.068155e-01	4.090344e-02	-2.579530e-05
5.496731088831224e-02	-4.716577e-01	1.026887e-02	-9.872470e-05
5.497951791956224e-02	-4.539280e-01	6.434458e-03	-2.508028e-04
5.499853956883721e-02	-3.984345e-01	4.588079e-04	-8.359709e-04
5.499883196561504e-02	-3.970260e-01	3.669488e-04	-8.713384e-04
5.500058634628202e-02	-3.834594e-01	-1.842061e-04	-1.249524e-03
5.500262188867684e-02	-3.599227e-01	-8.236903e-04	-1.755459e-03
5.500669297346648e-02	-2.865911e-01	-2.102653e-03	-2.911892e-03
5.501290808122107e-02	-1.147610e-01	-4.055149e-03	-4.806848e-03
5.501934758025380e-02	1.340344e-01	-6.078072e-03	-6.777306e-03
5.502349942407678e-02	3.303454e-01	-7.382294e-03	-6.416515e-03
5.502562163432378e-02	4.283057e-01	-8.048926e-03	-1.647347e-03
5.502693061767496e-02	4.706512e-01	-8.460099e-03	4.966259e-03
5.502756417743584e-02	4.801731e-01	-8.659109e-03	7.727359e-03
5.502805539924749e-02	4.828595e-01	-8.813407e-03	8.702479e-03
5.502836269031736e-02	4.838117e-01	-8.909930e-03	9.040514e-03
5.502871194252579e-02	4.845736e-01	-9.019634e-03	9.298482e-03
5.502911501545063e-02	4.852630e-01	-9.146241e-03	9.520223e-03
5.503044037146265e-02	4.869775e-01	-9.562542e-03	1.003276e-02
5.503726908927469e-02	4.938108e-01	-1.170742e-02	1.222321e-02
5.504409780708672e-02	5.001588e-01	-1.385200e-02	1.440529e-02
5.505092652489876e-02	5.060216e-01	-1.599628e-02	1.657900e-02
5.505775524271080e-02	5.113991e-01	-1.814025e-02	1.874434e-02
5.506458396052284e-02	5.162913e-01	-2.028392e-02	2.090132e-02
5.507141267833487e-02	5.206982e-01	-2.242729e-02	2.304992e-02
5.507824139614691e-02	5.246198e-01	-2.457036e-02	2.519015e-02
5.512577756684894e-02	5.509477e-01	-3.947307e-02	4.011108e-02
5.522084990825300e-02	5.952239e-01	-6.915960e-02	6.978203e-02
5.531850615825300e-02	6.354511e-01	-9.939510e-02	1.000001e-01
5.551381865825301e-02	7.070739e-01	-1.586314e-01	1.591929e-01
5.570913115825301e-02	7.718302e-01	-2.154817e-01	2.159977e-01
5.590444365825301e-02	8.311660e-01	-2.690910e-01	2.695640e-01
5.609975615825302e-02	8.850730e-01	-3.186530e-01	3.190872e-01
5.629506865825302e-02	9.332147e-01	-3.634220e-01	3.638228e-01
5.649038115825302e-02	9.751492e-01	-4.027249e-01	4.030981e-01
5.668569365825302e-02	1.010427e+00	-4.359704e-01	4.363224e-01
5.688100615825303e-02	1.038639e+00	-4.626586e-01	4.629962e-01
5.707631865825303e-02	1.059441e+00	-4.823879e-01	4.827182e-01
5.727163115825303e-02	1.072576e+00	-4.948616e-01	4.951918e-01
5.746694365825303e-02	1.077876e+00	-4.998921e-01	5.002296e-01
5.766225615825304e-02	1.075273e+00	-4.974039e-01	4.977557e-01
5.785756865825304e-02	1.064801e+00	-4.874342e-01	4.878074e-01
5.805288115825304e-02	1.046593e+00	-4.701330e-01	4.705342e-01
5.824819365825305e-02	1.020878e+00	-4.457606e-01	4.461962e-01
5.844350615825305e-02	9.879714e-01	-4.146836e-01	4.151593e-01
5.863881865825305e-02	9.482620e-01	-3.773693e-01	3.778906e-01
5.883413115825305e-02	9.021899e-01	-3.343790e-01	3.349505e-01
5.902944365825306e-02	8.502069e-01	-2.863594e-01	2.869852e-01
5.922475615825306e-02	7.927006e-01	-2.340326e-01	2.347163e-01
5.942006865825306e-02	7.298166e-01	-1.781858e-01	1.789309e-01
5.961538115825307e-02	6.609008e-01	-1.196589e-01	1.204701e-01
5.971303740825307e-02	6.232418e-01	-8.966429e-02	9.051240e-02
5.981069365825307e-02	5.812883e-01	-5.933221e-02	6.022672e-02
5.990834990825307e-02	5.305454e-01	-2.877682e-02	2.976313e-02
5.996326285360794e-02	4.930480e-01	-1.154029e-02	1.262869e-02
5.997546988485795e-02	4.768616e-01	-7.706058e-03	8.934398e-03
5.999988394735795e-02	4.261521e-01	-3.645901e-05	1.916952e-03
6.000040022334237e-02	4.244962e-01	1.257339e-04	1.828681e-03
6.000143277531121e-02	4.196939e-01	4.501196e-04	1.767394e-03
6.000349787924889e-02	4.065358e-01	1.098890e-03	1.715892e-03
6.000705145966007e-02	3.725654e-01	2.215274e-03	1.966788e-03
6.001081567011107e-02	3.136776e-01	3.397817e-03	2.720498e-03
6.001636109721392e-02	1.768165e-01	5.139900e-03	4.312146e-03
6.002217882806959e-02	-2.786524e-02	6.967459e-03	6.108358e-03
6.002711666303427e-02	-2.495012e-01	8.518538e-03	7.345272e-03
6.003026264438042e-02	-3.988424e-01	9.506717e-03	5.763453e-03
6.003196066978635e-02	-4.589051e-01	1.004007e-02	2.357207e-03
6.003289908751483e-02	-4.733325e-01	1.033482e-02	4.715553e-04
6.003334473788879e-02	-4.749168e-01	1.047479e-02	1.835511e-04
6.003429765910093e-02	-4.758751e-01	1.077409e-02	1.410976e-04
6.004140247838799e-02	-4.808327e-01	1.300557e-02	1.181858e-04
6.004850729767505e-02	-4.852647e-01	1.523670e-02	9.919468e-05
6.005561211696210e-02	-4.891710e-01	1.746747e-02	8.412443e-05
6.006271693624916e-02	-4.925516e-01	1.969788e-02	7.297499e-05
6.006982175553621e-02	-4.954066e-01	2.192794e-02	6.574637e-05
6.007692657482327e-02	-4.977359e-01	2.415764e-02	6.243857e-05
6.008403139411032e-02	-4.995396e-01	2.638698e-02	6.305159e-05
6.013393215251036e-02	-5.113618e-01	4.202638e-02	4.536700e-05
6.023158840251036e-02	-5.260819e-01	7.249916e-02	3.173534e-05
6.032924465251036e-02	-5.358899e-01	1.026991e-01	2.609048e-05
6.052455715251037e-02	-5.481228e-01	1.618271e-01	2.133164e-05
6.071986965251037e-02	-5.559895e-01	2.185211e-01	1.928538e-05
6.091518215251037e-02	-5.617053e-01	2.719283e-01	1.804183e-05
6.111049465251037e-02	-5.660509e-01	3.212454e-01	1.718052e-05
6.130580715251038e-02	-5.694270e-01	3.657308e-01	1.652290e-05
6.150111965251038e-02	-5.720611e-01	4.047152e-01	1.598324e-05
6.169643215251038e-02	-5.740920e-01	4.376123e-01	1.551535e-05
6.189174465251038e-02	-5.756090e-01	4.639273e-01	1.509200e-05
6.208705715251039e-02	-5.766697e-01	4.832644e-01	1.469578e-05
6.228236965251039e-02	-5.773103e-01	4.953327e-01	1.431466e-05
6.247768215251039e-02	-5.775516e-01	4.999509e-01	1.393947e-05
6.267299465251039e-02	-5.774009e-01	4.970492e-01	1.356232e-05
6.286830715251038e-02	-5.768536e-01	4.866715e-01	1.317542e-05
6.306361965251037e-02	-5.758923e-01	4.689738e-01	1.276990e-05
6.325893215251036e-02	-5.744847e-01	4.442223e-01	1.233432e-05
6.345424465251034e-02	-5.725786e-01	4.127893e-01	1.185243e-05
6.364955715251033e-02	-5.700935e-01	3.751475e-01	1.129920e-05
6.384486965251032e-02	-5.669041e-01	3.318632e-01	1.063293e-05
6.404018215251031e-02	-5.628080e-01	2.835873e-01	9.777878e-06
6.423549465251030e-02	-5.574551e-01	2.310461e-01	8.579775e-06
6.443080715251029e-02	-5.501638e-01	1.750297e-01	6.667057e-06
6.462611965251028e-02	-5.393114e-01	1.163806e-01	2.853401e-06
6.472377590251027e-02	-5.311852e-01	8.634336e-02	-1.125432e-06
6.482143215251027e-02	-5.184186e-01	5.598112e-02	-1.110460e-05
6.491908840251026e-02	-4.990979e-01	2.540818e-02	-3.306031e-05
6.493129543376026e-02	-4.949938e-01	2.157747e-02	-4.253381e-05
6.495570949626027e-02	-4.821191e-01	1.391248e-02	-8.355288e-05
6.497359350593171e-02	-4.666388e-01	8.295464e-03	-1.613642e-04
6.498819179592807e-02	-4.363582e-01	3.709623e-03	-4.835431e-04
6.500000242824483e-02	-3.650985e-01	-7.628556e-07	-1.598818e-03
6.500804719317781e-02	-2.351488e-01	-2.528090e-03	-3.376978e-03
6.501623798025608e-02	2.032782e-02	-5.101223e-03	-5.796316e-03
6.502372704052957e-02	3.344904e-01	-7.453794e-03	-3.602636e-03
6.502696699846104e-02	4.483393e-01	-8.471527e-03	3.332119e-03
6.502936803294895e-02	4.862821e-01	-9.225716e-03	1.002378e-02
6.503002858129986e-02	4.878389e-01	-9.433198e-03	1.048154e-02
6.503052581110907e-02	4.875834e-01	-9.589379e-03	1.028249e-02
6.503114183171026e-02	4.879544e-01	-9.782870e-03	1.034123e-02
6.503232768199346e-02	4.891147e-01	-1.015534e-02	1.066216e-02
6.504611804646400e-02	5.012912e-01	-1.448689e-02	1.504114e-02
6.505990841093454e-02	5.124356e-01	-1.881664e-02	1.940889e-02
6.507369877540507e-02	5.225480e-01	-2.314459e-02	2.376540e-02
6.508748913987562e-02	5.316284e-01	-2.747074e-02	2.811067e-02
6.510127950434616e-02	5.396767e-01	-3.179510e-02	3.244470e-02
6.511506986881670e-02	5.466931e-01	-3.611766e-02	3.676749e-02
6.512886023328723e-02	5.526773e-01	-4.043842e-02	4.107904e-02
6.522156284584188e-02	5.955762e-01	-6.938141e-02	7.000522e-02
6.531921909584187e-02	6.357259e-01	-9.961459e-02	1.002194e-01
6.551453159584186e-02	7.073212e-01	-1.588438e-01	1.594052e-01
6.570984409584185e-02	7.720565e-01	-2.156838e-01	2.161996e-01
6.590515659584184e-02	8.313729e-01	-2.692798e-01	2.697526e-01
6.610046909584183e-02	8.852594e-01	-3.188255e-01	3.192597e-01
6.629578159584182e-02	9.333793e-01	-3.635758e-01	3.639765e-01
6.649109409584181e-02	9.752903e-01	-4.028576e-01	4.032307e-01
6.668640659584180e-02	1.010543e+00	-4.360801e-01	4.364319e-01
6.688171909584179e-02	1.038728e+00	-4.627434e-01	4.630810e-01
6.707703159584177e-02	1.059504e+00	-4.824467e-01	4.827770e-01
6.727234409584176e-02	1.072610e+00	-4.948936e-01	4.952239e-01
6.746765659584175e-02	1.077881e+00	-4.998968e-01	5.002342e-01
6.766296909584174e-02	1.075249e+00	-4.973810e-01	4.977329e-01
6.785828159584173e-02	1.064749e+00	-4.873842e-01	4.877575e-01
6.805359409584172e-02	1.046513e+00	-4.700567e-01	4.704581e-01
6.824890659584171e-02	1.020771e+00	-4.456591e-01	4.460948e-01
6.844421909584170e-02	9.878385e-01	-4.145584e-01	4.150343e-01
6.863953159584169e-02	9.481051e-01	-3.772223e-01	3.777438e-01
6.883484409584167e-02	9.020106e-01	-3.342125e-01	3.347841e-01
6.903015659584166e-02	8.500068e-01	-2.861757e-01	2.868017e-01
6.922546909584165e-02	7.924809e-01	-2.338347e-01	2.345186e-01
6.942078159584164e-02	7.295769e-01	-1.779765e-01	1.787218e-01
6.951843784584164e-02	6.959710e-01	-1.489893e-01	1.497669e-01
6.971375034584162e-02	6.229554e-01	-8.944393e-02	9.029233e-02
6.981140659584162e-02	5.809551e-01	-5.910981e-02	6.000474e-02
6.990906284584161e-02	5.301098e-01	-2.855321e-02	2.954055e-02
6.996357371040079e-02	4.927338e-01	-1.144266e-02	1.253305e-02
6.997578074165080e-02	4.762791e-01	-7.608411e-03	8.843783e-03
7.000019480415080e-02	4.244073e-01	6.119953e-05	1.848432e-03
7.000069198184612e-02	4.227751e-01	2.173925e-04	1.766207e-03
7.000168633723676e-02	4.180486e-01	5.297784e-04	1.718842e-03
7.000367504801802e-02	4.050178e-01	1.154549e-03	1.697080e-03
7.000731357840558e-02	3.690700e-01	2.297620e-03	2.002417e-03
7.001114179978768e-02	3.073689e-01	3.500271e-03	2.801777e-03
7.001666829047545e-02	1.675204e-01	5.236402e-03	4.404991e-03
7.002251019359508e-02	-3.867053e-02	7.071550e-03	6.211734e-03
7.002636865402750e-02	-2.117311e-01	8.283578e-03	7.355367e-03
7.002940593273026e-02	-3.648991e-01	9.237621e-03	7.203270e-03
7.003094355448444e-02	-4.300567e-01	9.720592e-03	4.923099e-03
7.003266044309926e-02	-4.723082e-01	1.025986e-02	4.261383e-04
7.003309757173216e-02	-4.756538e-01	1.039716e-02	-6.950595e-05
7.003357555653443e-02	-4.755090e-01	1.054729e-02	7.771098e-05
7.003378787675699e-02	-4.755806e-01	1.061398e-02	1.062363e-04
7.003472811334299e-02	-4.762703e-01	1.090929e-02	1.292688e-04
7.004851374782356e-02	-4.844697e-01	1.523919e-02	1.033996e-04
7.006229938230411e-02	-4.915812e-01	1.956724e-02	8.218985e-05
7.007608501678468e-02	-4.976046e-01	2.389343e-02	6.563947e-05
7.008987065126523e-02	-5.025399e-01	2.821777e-02	5.374849e-05
7.010365628574580e-02	-5.063873e-01	3.254026e-02	4.651691e-05
7.011744192022636e-02	-5.091467e-01	3.686088e-02	4.394474e-05
7.013122755470692e-02	-5.108180e-01	4.117966e-02	4.603196e-05
7.022842050068588e-02	-5.256938e-01	7.151432e-02	3.201158e-05
7.032607675068588e-02	-5.356310e-01	1.017249e-01	2.621572e-05
7.052138925068586e-02	-5.479702e-01	1.608851e-01	2.137563e-05
7.071670175068585e-02	-5.558820e-01	2.176255e-01	1.931049e-05
7.091201425068584e-02	-5.616249e-01	2.710926e-01	1.805827e-05
7.110732675068583e-02	-5.659889e-01	3.204822e-01	1.719255e-05
7.130263925068582e-02	-5.693786e-01	3.650514e-01	1.653246e-05
7.149795175068581e-02	-5.720234e-01	4.041299e-01	1.599133e-05
7.169326425068580e-02	-5.740634e-01	4.371300e-01	1.552253e-05
7.188857675068579e-02	-5.755882e-01	4.635552e-01	1.509861e-05
7.208388925068578e-02	-5.766559e-01	4.830081e-01	1.470206e-05
7.227920175068576e-02	-5.773032e-01	4.951961e-01	1.432078e-05
7.247451425068575e-02	-5.775508e-01	4.999359e-01	1.394555e-05
7.266982675068574e-02	-5.774065e-01	4.971562e-01	1.356849e-05
7.286513925068573e-02	-5.768657e-01	4.868988e-01	1.318182e-05
7.306045175068572e-02	-5.759114e-01	4.693180e-01	1.277668e-05
7.325576425068571e-02	-5.745113e-01	4.446782e-01	1.234170e-05
7.345107675068570e-02	-5.726139e-01	4.133500e-01	1.186074e-05
7.364638925068569e-02	-5.701391e-01	3.758047e-01	1.130893e-05
7.384170175068568e-02	-5.669624e-01	3.326069e-01	1.064497e-05
7.403701425068566e-02	-5.628833e-01	2.844065e-01	9.793897e-06
7.423232675068565e-02	-5.575548e-01	2.319282e-01	8.603389e-06
7.442763925068564e-02	-5.503038e-01	1.759616e-01	6.707799e-06
7.462295175068563e-02	-5.395340e-01	1.173483e-01	2.946882e-06
7.472060800068563e-02	-5.314968e-01	8.732346e-02	-9.504383e-07
7.481826425068562e-02	-5.189682e-01	5.696998e-02	-1.056489e-05
7.491592050068561e-02	-5.001595e-01	2.640207e-02	-3.139898e-05
7.492812753193562e-02	-4.962388e-01	2.257173e-02	-4.002207e-05
7.495254159443562e-02	-4.839930e-01	1.490729e-02	-7.690256e-05
7.497233982539366e-02	-4.675902e-01	8.689263e-03	-1.559279e-04
7.498815846417879e-02	-4.333179e-01	3.720094e-03	-5.270066e-04
7.500094018886096e-02	-3.474266e-01	-2.953690e-04	-1.823129e-03
7.500949852007988e-02	-1.913002e-01	-2.984030e-03	-3.796646e-03
7.501835905000191e-02	1.034034e-01	-5.767538e-03	-6.477902e-03
7.502322278891241e-02	3.200694e-01	-7.295395e-03	-5.970401e-03
7.502577797978129e-02	4.312794e-01	-8.098037e-03	-3.799899e-04
7.502740497589361e-02	4.770074e-01	-8.609102e-03	7.021607e-03
7.502801253955467e-02	4.833091e-01	-8.799944e-03	8.897354e-03
7.502861767254819e-02	4.846366e-01	-8.990022e-03	9.342355e-03
7.502959991000209e-02	4.860110e-01	-9.298550e-03	9.756096e-03
7.503468397014607e-02	4.913485e-01	-1.089545e-02	1.139692e-02
7.503976803029004e-02	4.963406e-01	-1.249221e-02	1.302989e-02
7.504485209043402e-02	5.009873e-01	-1.408882e-02	1.465501e-02
7.504993615057801e-02	5.052887e-01	-1.568528e-02	1.627226e-02
7.505502021072198e-02	5.092446e-01	-1.728160e-02	1.788165e-02
7.506010427086596e-02	5.128552e-01	-1.887777e-02	1.948319e-02
7.506518833100993e-02	5.161204e-01	-2.047379e-02	2.107687e-02
7.510070733231479e-02	5.376734e-01	-3.161703e-02	3.225120e-02
7.517174533492450e-02	5.733460e-01	-5.385073e-02	5.448710e-02
7.526940158492450e-02	6.158139e-01	-8.423141e-02	8.484530e-02
7.546471408492449e-02	6.898838e-01	-1.439285e-01	1.445017e-01
7.566002658492448e-02	7.560710e-01	-2.014609e-01	2.019881e-01
7.585533908492446e-02	8.167505e-01	-2.559630e-01	2.564465e-01
7.605065158492445e-02	8.720464e-01	-3.066152e-01	3.070588e-01
7.624596408492444e-02	9.216772e-01	-3.526557e-01	3.530643e-01
7.644127658492443e-02	9.652153e-01	-3.933919e-01	3.937714e-01
7.663658908492442e-02	1.002207e+00	-4.282111e-01	4.285677e-01
7.683190158492441e-02	1.032231e+00	-4.565896e-01	4.569302e-01
7.702721408492440e-02	1.054924e+00	-4.781006e-01	4.784320e-01
7.722252658492439e-02	1.070006e+00	-4.924205e-01	4.927500e-01
7.741783908492438e-02	1.077286e+00	-4.993339e-01	4.996689e-01
7.761315158492436e-02	1.076671e+00	-4.987369e-01	4.990844e-01
7.780846408492435e-02	1.068169e+00	-4.906384e-01	4.910056e-01
7.800377658492434e-02	1.051888e+00	-4.751603e-01	4.755539e-01
7.819908908492433e-02	1.028034e+00	-4.525353e-01	4.529617e-01
7.839440158492432e-02	9.969012e-01	-4.231037e-01	4.235689e-01
7.858971408492431e-02	9.588621e-01	-3.873083e-01	3.878177e-01
7.878502658492430e-02	9.143468e-01	-3.456874e-01	3.462459e-01
7.898033908492429e-02	8.638089e-01	-2.988671e-01	2.994789e-01
7.917565158492428e-02	8.076633e-01	-2.475515e-01	2.482203e-01
7.937096408492426e-02	7.461445e-01	-1.925125e-01	1.932418e-01
7.956627658492425e-02	6.789031e-01	-1.345779e-01	1.353719e-01
7.976158908492424e-02	6.031173e-01	-7.461920e-02	7.548857e-02
7.985924533492424e-02	5.564855e-01	-4.416176e-02	4.509194e-02
7.995690158492423e-02	4.986986e-01	-1.353811e-02	1.459328e-02
7.996910861617423e-02	4.863317e-01	-9.704205e-03	1.084143e-02
7.999352267867424e-02	4.493421e-01	-2.034905e-03	3.552423e-03
7.999526454240152e-02	4.452201e-01	-1.487686e-03	3.105552e-03
7.999874826985610e-02	4.305377e-01	-3.932426e-04	2.483457e-03
8.000571572476527e-02	3.756750e-01	1.795644e-03	2.172671e-03
8.001222752395219e-02	2.746845e-01	3.841352e-03	3.178490e-03
8.001830415109462e-02	1.071171e-01	5.750292e-03	4.907756e-03
8.002540367598442e-02	-1.751814e-01	7.980461e-03	7.040356e-03
8.002942292655466e-02	-3.630813e-01	9.242958e-03	6.509725e-03
8.003149566593551e-02	-4.412744e-01	9.894010e-03	3.637092e-03
8.003343691717271e-02	-4.751758e-01	1.050374e-02	7.599230e-06
8.003400530083889e-02	-4.768507e-01	1.068227e-02	-1.947606e-04
8.003448111586234e-02	-4.763527e-01	1.083171e-02	5.174391e-05
8.003487206791804e-02	-4.764741e-01	1.095451e-02	1.058015e-04
8.003604474557240e-02	-4.773273e-01	1.132282e-02	1.272706e-04
8.004710519496552e-02	-4.840557e-01	1.479664e-02	1.045974e-04
8.005816564435865e-02	-4.899636e-01	1.826937e-02	8.583725e-05
8.006922609375178e-02	-4.950508e-01	2.174102e-02	7.099027e-05
8.008028654314490e-02	-4.993175e-01	2.521159e-02	6.005641e-05
8.009134699253803e-02	-5.027635e-01	2.868107e-02	5.303567e-05
8.010240744193116e-02	-5.053890e-01	3.214948e-02	4.992806e-05
8.011346789132429e-02	-5.071939e-01	3.561680e-02	5.073357e-05
8.019132296683097e-02	-5.209555e-01	5.996122e-02	3.564485e-05
8.028897921683097e-02	-5.323520e-01	9.028748e-02	2.798147e-05
8.048429171683096e-02	-5.461137e-01	1.498077e-01	2.191555e-05
8.067960421683094e-02	-5.545799e-01	2.070746e-01	1.962057e-05
8.087491671683093e-02	-5.606571e-01	2.612270e-01	1.825822e-05
8.107022921683092e-02	-5.652441e-01	3.114502e-01	1.733746e-05
8.126554171683091e-02	-5.687975e-01	3.569890e-01	1.664679e-05
8.146085421683090e-02	-5.715710e-01	3.971583e-01	1.608747e-05
8.165616671683089e-02	-5.737178e-01	4.313540e-01	1.560746e-05
8.185147921683088e-02	-5.753351e-01	4.590617e-01	1.517658e-05
8.204679171683087e-02	-5.764863e-01	4.798647e-01	1.477589e-05
8.224210421683086e-02	-5.772114e-01	4.934500e-01	1.439248e-05
8.243741671683084e-02	-5.775340e-01	4.996135e-01	1.401673e-05
8.263272921683083e-02	-5.774641e-01	4.982623e-01	1.364061e-05
8.282804171683082e-02	-5.769995e-01	4.894167e-01	1.325639e-05
8.302335421683081e-02	-5.761257e-01	4.732099e-01	1.285553e-05
8.321866671683080e-02	-5.748137e-01	4.498855e-01	1.242728e-05
8.341397921683079e-02	-5.730158e-01	4.197945e-01	1.195662e-05
8.360929171683078e-02	-5.706584e-01	3.833894e-01	1.142079e-05
8.380460421683077e-02	-5.676276e-01	3.412177e-01	1.078250e-05
8.399991671683076e-02	-5.637407e-01	2.939138e-01	9.975342e-06
8.419522921683074e-02	-5.586873e-01	2.421892e-01	8.867588e-06
8.439054171683073e-02	-5.518808e-01	1.868218e-01	7.154742e-06
8.458585421683072e-02	-5.419967e-01	1.286444e-01	3.933381e-06
8.468351046683072e-02	-5.348735e-01	9.877412e-02	8.252851e-07
8.478116671683071e-02	-5.245407e-01	6.853209e-02	-5.742354e-06
8.487882296683071e-02	-5.033145e-01	3.803212e-02	-3.183560e-05
8.497647921683070e-02	-4.619473e-01	7.389003e-03	-1.392824e-04
8.498546476811952e-02	-4.356946e-01	4.566314e-03	-4.460753e-04
8.500343587069717e-02	-2.760367e-01	-1.079410e-03	-2.539862e-03
8.501269662188815e-02	-6.802658e-02	-3.988719e-03	-4.741781e-03
8.502194017019271e-02	2.782675e-01	-6.892489e-03	-4.755780e-03
8.502603155241908e-02	4.221168e-01	-8.177688e-03	1.458267e-03
8.502974792780575e-02	4.869325e-01	-9.345043e-03	1.063089e-02
8.503094447466032e-02	4.892750e-01	-9.720881e-03	1.098593e-02
8.503181248383904e-02	4.884436e-01	-9.993521e-03	1.044644e-02
8.503307030941776e-02	4.898881e-01	-1.038860e-02	1.088801e-02
8.505024240627194e-02	5.042882e-01	-1.578247e-02	1.634106e-02
8.506741450312612e-02	5.174494e-01	-2.117314e-02	2.177784e-02
8.508458659998031e-02	5.293718e-01	-2.656060e-02	2.719835e-02
8.510175869683448e-02	5.400554e-01	-3.194485e-02	3.260261e-02
8.511893079368867e-02	5.495002e-01	-3.732589e-02	3.799060e-02
8.513610289054284e-02	5.577062e-01	-4.270373e-02	4.336232e-02
8.515327498739703e-02	5.646733e-01	-4.807836e-02	4.871778e-02
8.525093123739702e-02	6.080807e-01	-7.850617e-02	7.912329e-02
8.544624373739701e-02	6.832137e-01	-1.383620e-01	1.389390e-01
8.564155623739700e-02	7.500580e-01	-1.961367e-01	1.966682e-01
8.583686873739699e-02	8.112404e-01	-2.509613e-01	2.514487e-01
8.603218123739698e-02	8.670536e-01	-3.020112e-01	3.024583e-01
8.622749373739697e-02	9.172375e-01	-3.485186e-01	3.489303e-01
8.642280623739695e-02	9.613713e-01	-3.897839e-01	3.901659e-01
8.661811873739694e-02	9.990013e-01	-4.251865e-01	4.255451e-01
8.681343123739693e-02	1.029700e+00	-4.541940e-01	4.545358e-01
8.700874373739692e-02	1.053100e+00	-4.763699e-01	4.767019e-01
8.720405623739691e-02	1.068912e+00	-4.913808e-01	4.917102e-01
8.739936873739690e-02	1.076935e+00	-4.990009e-01	4.993350e-01
8.759468123739689e-02	1.077068e+00	-4.991155e-01	4.994615e-01
8.778999373739688e-02	1.069308e+00	-4.917230e-01	4.920880e-01
8.798530623739687e-02	1.053756e+00	-4.769345e-01	4.773252e-01
8.818061873739685e-02	1.030607e+00	-4.549724e-01	4.553954e-01
8.837593123739684e-02	1.000147e+00	-4.261672e-01	4.266284e-01
8.857124373739683e-02	9.627438e-01	-3.909519e-01	3.914569e-01
8.876655623739682e-02	9.188215e-01	-3.498565e-01	3.504101e-01
8.896186873739681e-02	8.688340e-01	-3.034988e-01	3.041054e-01
8.915718123739680e-02	8.132042e-01	-2.525762e-01	2.532395e-01
8.935249373739679e-02	7.521940e-01	-1.978547e-01	1.985781e-01
8.954780623739678e-02	6.855445e-01	-1.401573e-01	1.409448e-01
8.974311873739677e-02	6.108939e-01	-8.035169e-02	8.121277e-02
8.984077498739676e-02	5.664738e-01	-4.993861e-02	5.085281e-02
8.993843123739675e-02	5.140077e-01	-1.933757e-02	2.035221e-02
8.995063826864676e-02	5.049886e-01	-1.550496e-02	1.655320e-02
8.997505233114676e-02	4.813078e-01	-7.837220e-03	9.004346e-03
8.998115584677176e-02	4.729380e-01	-5.919927e-03	7.166202e-03
8.999336287802176e-02	4.458120e-01	-2.085107e-03	3.804846e-03
9.000220113715794e-02	4.027542e-01	6.915074e-04	2.330836e-03
9.000986360619824e-02	3.121979e-01	3.098723e-03	2.756986e-03
9.001699521428067e-02	1.412963e-01	5.339102e-03	4.516841e-03
9.002468039728033e-02	-1.443469e-01	7.753265e-03	6.868963e-03
9.002870348254920e-02	-3.319835e-01	9.016976e-03	7.193386e-03
9.003084656758510e-02	-4.281709e-01	9.690128e-03	4.796802e-03
9.003218886011959e-02	-4.672479e-01	1.011174e-02	1.408479e-03
9.003278359932773e-02	-4.736833e-01	1.029854e-02	3.737789e-04
9.003333421370367e-02	-4.748674e-01	1.047149e-02	1.940255e-04
9.003391094348795e-02	-4.755226e-01	1.065263e-02	1.496330e-04
9.003998659175869e-02	-4.799424e-01	1.256088e-02	1.238293e-04
9.004606224002944e-02	-4.839173e-01	1.446889e-02	1.027318e-04
9.005213788830017e-02	-4.874474e-01	1.637665e-02	8.634045e-05
9.005821353657092e-02	-4.905327e-01	1.828416e-02	7.465519e-05
9.006428918484166e-02	-4.931731e-01	2.019144e-02	6.767605e-05
9.007036483311241e-02	-4.953688e-01	2.209847e-02	6.540303e-05
9.007644048138315e-02	-4.971195e-01	2.400525e-02	6.783614e-05
9.011888567590118e-02	-5.083154e-01	3.731431e-02	4.922786e-05
9.020377606493724e-02	-5.226305e-01	6.384337e-02	3.429069e-05
9.030143231493723e-02	-5.335039e-01	9.413262e-02	2.732995e-05
9.049674481493722e-02	-5.467517e-01	1.535356e-01	2.172877e-05
9.069205731493721e-02	-5.550259e-01	2.106292e-01	1.951307e-05
9.088736981493720e-02	-5.609877e-01	2.645548e-01	1.818950e-05
9.108268231493719e-02	-5.654981e-01	3.145012e-01	1.728796e-05
9.127799481493717e-02	-5.689957e-01	3.597172e-01	1.660792e-05
9.147330731493716e-02	-5.717254e-01	3.995228e-01	1.605489e-05
9.166861981493715e-02	-5.738358e-01	4.333192e-01	1.557876e-05
9.186393231493714e-02	-5.754219e-01	4.605980e-01	1.515029e-05
9.205924481493713e-02	-5.765449e-01	4.809490e-01	1.475104e-05
9.225455731493712e-02	-5.772438e-01	4.940661e-01	1.436838e-05
9.244986981493711e-02	-5.775412e-01	4.997520e-01	1.399284e-05
9.264518231493710e-02	-5.774463e-01	4.979211e-01	1.361643e-05
9.284049481493709e-02	-5.769563e-01	4.886011e-01	1.323143e-05
9.303580731493707e-02	-5.760555e-01	4.719320e-01	1.282918e-05
9.323111981493706e-02	-5.747141e-01	4.481646e-01	1.239873e-05
9.342643231493705e-02	-5.728831e-01	4.176565e-01	1.192470e-05
9.362174481493704e-02	-5.704868e-01	3.808663e-01	1.138366e-05
9.381705731493703e-02	-5.674078e-01	3.383476e-01	1.073703e-05
9.401236981493702e-02	-5.634576e-01	2.907399e-01	9.915659e-06
9.420768231493701e-02	-5.583142e-01	2.387591e-01	8.781339e-06
9.440299481493700e-02	-5.513638e-01	1.831872e-01	7.010604e-06
9.459830731493699e-02	-5.411981e-01	1.248599e-01	3.622833e-06
9.469596356493698e-02	-5.337919e-01	9.493598e-02	2.798969e-07
9.479361981493697e-02	-5.228226e-01	6.465470e-02	-7.111043e-06
9.489127606493697e-02	-4.959486e-01	3.413007e-02	-4.736430e-05
9.498893231493696e-02	-4.428571e-01	3.476988e-03	-2.163752e-04
9.499049492968707e-02	-4.403003e-01	2.986088e-03	-2.825679e-04
9.499362015918729e-02	-4.300421e-01	2.004281e-03	-5.347793e-04
9.499764610580821e-02	-4.091805e-01	7.394974e-04	-9.398372e-04
9.500146551266006e-02	-3.760632e-01	-4.604043e-04	-1.576888e-03
9.500546453779087e-02	-3.162571e-01	-1.716732e-03	-2.571515e-03
9.501085118363142e-02	-1.868909e-01	-3.408974e-03	-4.171958e-03
9.501670646071231e-02	2.091093e-02	-5.248393e-03	-5.966862e-03
9.502349781525424e-02	3.234607e-01	-7.381788e-03	-5.162943e-03
9.502629982233532e-02	4.311732e-01	-8.261957e-03	7.013836e-04
9.502904767585256e-02	4.856682e-01	-9.125090e-03	1.010350e-02
9.502981486418191e-02	4.884768e-01	-9.366068e-03	1.080790e-02
9.503054963657666e-02	4.875367e-01	-9.596862e-03	1.025754e-02
9.503097285764950e-02	4.877558e-01	-9.729796e-03	1.028141e-02
9.503187919260418e-02	4.886791e-01	-1.001447e-02	1.053987e-02
9.503278552755887e-02	4.896000e-01	-1.029915e-02	1.080588e-02
9.503369186251355e-02	4.905185e-01	-1.058382e-02	1.107945e-02
9.503459819746823e-02	4.914346e-01	-1.086849e-02	1.136057e-02
9.503550453242292e-02	4.923483e-01	-1.115315e-02	1.164925e-02
9.503641086737760e-02	4.932596e-01	-1.143781e-02	1.194548e-02
9.503731720233229e-02	4.941685e-01	-1.172247e-02	1.224927e-02
9.505386660682112e-02	5.081372e-01	-1.691946e-02	1.750148e-02
9.507593247947291e-02	5.232233e-01	-2.384584e-02	2.446357e-02
9.512006422477648e-02	5.480682e-01	-3.768352e-02	3.832237e-02
9.520832771538362e-02	5.898134e-01	-6.526135e-02	6.588876e-02
9.530598396538362e-02	6.305275e-01	-9.553661e-02	9.614404e-02
9.550129646538361e-02	7.027264e-01	-1.548958e-01	1.554603e-01
9.569660896538359e-02	7.678440e-01	-2.119252e-01	2.124440e-01
9.589192146538358e-02	8.275222e-01	-2.657671e-01	2.662427e-01
9.608723396538357e-02	8.817854e-01	-3.156116e-01	3.160482e-01
9.628254646538356e-02	9.303095e-01	-3.607090e-01	3.611117e-01
9.647785896538355e-02	9.726557e-01	-4.003810e-01	4.007557e-01
9.667317146538354e-02	1.008373e+00	-4.340309e-01	4.343840e-01
9.686848396538353e-02	1.037049e+00	-4.611525e-01	4.614908e-01
9.706379646538352e-02	1.058335e+00	-4.813380e-01	4.816686e-01
9.725910896538351e-02	1.071968e+00	-4.942837e-01	4.946138e-01
9.745442146538350e-02	1.077773e+00	-4.997950e-01	5.001317e-01
9.764973396538348e-02	1.075677e+00	-4.977888e-01	4.981395e-01
9.784504646538347e-02	1.065707e+00	-4.882955e-01	4.886671e-01
9.804035896538346e-02	1.047989e+00	-4.714577e-01	4.718570e-01
9.823567146538345e-02	1.022746e+00	-4.475288e-01	4.479620e-01
9.843098396538344e-02	9.902897e-01	-4.168686e-01	4.173416e-01
9.862629646538343e-02	9.510037e-01	-3.799383e-01	3.804566e-01
9.882160896538342e-02	9.053258e-01	-3.372934e-01	3.378616e-01
9.901692146538341e-02	8.537088e-01	-2.895753e-01	2.901975e-01
9.921223396538340e-02	7.965482e-01	-2.375017e-01	2.381817e-01
9.940754646538338e-02	7.340147e-01	-1.818559e-01	1.825970e-01
9.960285896538337e-02	6.655422e-01	-1.234748e-01	1.242815e-01
9.970051521538337e-02	6.282408e-01	-9.353166e-02	9.437478e-02
9.979817146538336e-02	5.870513e-01	-6.323650e-02	6.412402e-02
9.989582771538336e-02	5.302148e-01	-3.270333e-02	3.369845e-02
9.999348396538335e-02	4.428022e-01	-2.047067e-03	3.711323e-03
1.000000000000000e-01	4.295538e-01	2.328067e-15	2.193185e-03
